,name
0,sh yogesh
1,mohd umar
2,mata parsad
3,Aahva
4,rampal jain
5,mohd wazir
6,azad hussain
7,dharmpal  yadav
8,dinesh chandra bartwal
9,sidharath
10,sh om prakash
11,julficar
12,vikram kumar nayar
13,mohd sharukh
14,ahmad
15,kaleem
16,joginder mandal
17,Durgesh
18,arjun kumar jaiswal
19,rupesh
20,Taru
21,sanjeevan lal
22,abhaysingh
23,Jithin
24,Vijayarathna
25,jitendera singh
26,mithlesh
27,dal chand
28,amarjeet singh
29,Siddhraj
30,shriram
31,subhash sharma
32,ahmed ansari
33,dasharath
34,raj
35,harbansh singh
36,neeraj shokeen
37,bhura ram
38,rampal
39,rameh chand
40,varun  mahinder pal
41,daksh
42,anilbittu
43,naveen bansal
44,Vishwamitra
45,sh attar singh
46,Ganaraj
47,vicky malhotra
48,Abhilash
49,diwan singh
50,Jyotiprakash
51,Ushnisin
52,dhani ram
53,karan
54,Bali
55,pinttu
56,ramvir
57,Rujul
58,anubhav shrivastab
59,kanhaiya saurabh
60,rahul kumarhonny
61,Kamboj
62,Kalan
63,Akshan
64,ashish sethi
65,mohd jafruddin
66,Mahir
67,Parashar
68,ajit singh
69,indra sain
70,Pushpesh
71,sugodh kumar
72,abdul miya
73,yogeshwar
74,ramchandra od
75,ravinder morya
76,prabhu swaroop
77,sonu roy
78,narendra kumar
79,Akshit
80,suraj nath yadav
81,Kartikeya
82,manish kumar mishra
83,Raoul
84,sam midde
85,rahish kha
86,Satyadeep
87,Nishkarsh
88,jitendra singh
89,vishal atre
90,akhilesh
91,inderjit
92,maj koko khaing
93,subhash vharma
94,govind singh
95,lavtar singh
96,irphan safi
97,Jagatprana
98,bada ahari
99,Kulvir
100,shoukat
101,manishmantu
102,rakesh bhatia
103,Eshaan
104,suraj munda
105,junna khan
106,Savir
107,fazaz khan
108,amber darjee
109,rohit yadav
110,jai prakash singh
111,Privrata
112,Raajyashree
113,Vinod
114,bhanu yadav
115,mahaveer mali
116,gyanwati
117,narayan singh
118,Rwiju
119,Mrigankshekhar
120,subham kumar yadav
121,mum and singh
122,dashrath
123,chom singh
124,abhay papnoi
125,akash gupta
126,Shay
127,harpal singh negi
128,Champak
129,sanjai sharma
130,Udarsh
131,pokhar das
132,Dhruv
133,Uppas
134,sona lal
135,vikas kumar & bal ram
136,gawali pandharinath yadav
137,sh manish puri
138,sumit rathi
139,Atulya
140,Shamik
141,kanok
142,Sadar
143,babansuresh
144,deeraj
145,safe akhter
146,kauva
147,ankit rawat
148,omprakashgolu
149,Agneya
150,Sapan
151,deepak midha
152,sanjeev sarkar
153,dhurpati
154,Tridhatri
155,Jahi
156,Sambodh
157,sh sri ram
158,Swajith
159,Ashish blessings
160,Sankalp
161,Hemang
162,nakched parsad
163,anil
164,durgesh kumar
165,Gagandeep
166,mukund upadhyay
167,Somashekhar
168,Samabashiv
169,sh ramhet koli
170,harison
171,bachu kak
172,joginder
173,lakki prajapti
174,vinay kasyap
175,Ajatashatru
176,koshalya
177,deepak sagar
178,Arghya
179,noorjamatukun
180,gopal kumhar
181,kulbir singh
182,Padmayani
183,mukaram
184,naveen
185,beragi singh
186,prince shonak
187,shyamlal
188,dakch
189,mukhtyar singh
190,Himal
191,Shankhdhar
192,Ajkhyat
193,Samendu
194,Vishva
195,majid
196,Shayan
197,ramprasad sodani
198,varun kumar
199,santosh kumar dube
200,sher hasan
201,Sahasanu
202,preyojit nath
203,mangeram
204,roshan kumar  rajkumar
205,vijay singh
206,parbhat
207,harkeshbinder
208,harshprince
209,mohmad shadi
210,mangilal
211,Visamaksh
212,ramesh dubey and his son anoop debey
213,sokin
214,Ashray
215,pappuraju
216,subham jain
217,mohd munna
218,Shirish
219,ram prakash
220,anand goswami
221,Lukesh
222,siya ram
223,yogesh budhiraja
224,rahul dhawan
225,Shiv
226,Janakiraman
227,mokida
228,sanjay singh
229,Tanish
230,rohan mandl
231,Anurag
232,pardeep kumar mathur
233,khushi ram
234,ram ji gupta
235,ravi kumar soni
236,kali ram
237,sohal pal
238,vinay kumar bansal
239,divy
240,rahim
241,Yudiraj
242,sonu pandey
243,chunaram
244,istyak
245,Padmesh
246,pradeep aggarwal
247,suryanath pal
248,Omprakash
249,akilesh
250,babu lal sharma
251,emilia toppo
252,pankaj rawal
253,ramesh lal
254,abhishek kumar singh
255,moni
256,santosh kumar sukala
257,deen mohammad
258,vikash kumarchotu
259,pratap singh
260,sarip ahmad
261,Pranad
262,dipu sharma
263,shree chand
264,Aniruddh
265,anil bhayana
266,karan kumar khatik
267,ram gopal urf gopiram meena
268,trilok
269,naveen seithi
270,maha dev sharma
271,Vaaman
272,naveen kumar
273,Narayana
274,mohd rafiq
275,pankaj saini
276,nazir ali
277,mudsir
278,mohd imran
279,phooleshwar yadavbabu lal
280,tripurari
281,veeru
282,mannu yadav
283,Neer
284,Nawal
285,rakesh sharma
286,ishtkar
287,Sahaj
288,ajay kumar
289,neki ram
290,Sarvang
291,Talaketu
292,Rishaan
293,Vatsa
294,ravi
295,Mrityunjay
296,ansul
297,Sanshray
298,Shahalad
299,shyam lal
300,anoop dimri
301,kuldeep kumar
302,rupen raj pahwa
303,ramji lal
304,rambhajan
305,surender nath saini
306,rahul kumar tiwari
307,Rajanikant
308,umashankarpappu
309,miraz ali
310,idrish
311,amit yadav
312,ashish kumar
313,manish jain
314,subash bim
315,Naagdhar
316,muqhtar muslim
317,mohammad nasim
318,niraj sahu
319,Ramit
320,shamshudin
321,munesh sharma
322,arun kafley
323,peer mohmmad
324,vipulander
325,Uttamesh
326,Tarang
327,Divakar
328,Prem
329,momin
330,sagir ali
331,chander bhan
332,rony rao
333,montu
334,Saatvik
335,Vasant
336,sujata yadav
337,Sarup
338,gopi nath  haldhar
339,imamuddin
340,sofali
341,dharmendra singh
342,Satyavan
343,ram dulare
344,ct devesh kumar
345,Taksha
346,navdeep ranamani
347,shubham giri
348,Shaunak
349,badnath
350,Vachaspati
351,Poorv
352,bharat rawal
353,shankar lal gopalani
354,chorag
355,krishna nand
356,adisan
357,vikki
358,ayush
359,pavan
360,devender singh shrinath
361,ratiman
362,nand kishor
363,subhash chander sukhija
364,ct sandeep
365,tushal bhandri
366,Kisna
367,Vishwalochan
368,alok singh
369,Shyamsundar
370,istkhar alishanu
371,vikram or baali
372,chaterpalbanti
373,jai prakash
374,jimmi
375,ram uadagar jha
376,rajkiran
377,Chunmay
378,harish chand shringi
379,hemant raghav
380,ramjani
381,kamal kakkad
382,dakshya sharma
383,ehasan alam
384,Aamod
385,hari dutt
386,parem varma
387,Vedatman
388,krishan lal gulyani
389,sajid ali
390,sohib
391,harvansh shrama
392,shankar dass
393,rahul bhiram
394,vishal tomar
395,noori
396,Samprad
397,deepakbholu
398,kamlesh badoni
399,Shulin
400,Kintan
401,Ajay
402,ravinder bahadur
403,Yadunath
404,ram sunder
405,santi
406,shadab ali
407,ajay pal
408,vikash kaka
409,dhramveer
410,prshant
411,devender pal
412,raj kumar
413,mukesh vaishnav
414,sh lalchand
415,sukjveer singh
416,banarsi das
417,pravindra singh
418,Mrinendra
419,surajsonu
420,rajkumar jain
421,saket
422,Veerendra
423,shailash
424,mohit miglani
425,shri gulshan kumar
426,ashok kumar sharma
427,parmanand
428,srisuraj negi
429,lalan devi
430,moh  farman
431,tapas nandi
432,sohail
433,bhuneshwar
434,devendra soni
435,jayesh singatvadiya
436,parashram
437,Yashodev
438,Premal
439,shahboob
440,bhanusanjay
441,Abhi
442,batu badhu lal
443,indresh kumar
444,sansaar singh
445,harshmeet singhhappy
446,kirshn goapal jadhon
447,dheerendra tiwari
448,amjat najru
449,nishant kumar
450,nitesh kumar
451,bhajan singh rodhan
452,Gajaanan
453,nankesh
454,suraj sharma
455,nand kishornandu
456,shiv shakti singh
457,jahoor ahmed meer
458,lakhanchottu
459,rohit
460,shokesh
461,nadem
462,mohd mustfa
463,aakil
464,shri ram parkash
465,surjeet singh
466,vijay singhal
467,Dharesh
468,vimlesh kumar
469,pintu  chaudhary
470,Manprasad
471,Taksheel
472,Tungar
473,Janardan
474,prem kuwar
475,Ravisharan
476,ravinder singhbunty
477,Shwetambar
478,binnu
479,yogesh kumar
480,fakrudeen
481,pankaj singh negi
482,Prana
483,sartaj
484,bharatlal meena
485,rehaan
486,kishore kumar
487,Anjan
488,guman singh basyal
489,dharmender 
490,duraga prashad
491,jogender singh
492,shyad furkahn hussain
493,Krishnamoorti
494,shahid
495,deepak tak
496,Rajdeep
497,rajnish gupta
498,kisan
499,Umang
500,iqarar
501,jagmal
502,manish kumarmontu
503,abhijeet sarkar
504,mohd izhar
505,Udit
506,alam
507,puskar singh dhami
508,rahulbunty
509,lallu yadav
510,umesh  suresh
511,veerander
512,ashakshahrukh
513,sunny koli
514,khalid ali
515,ramesh kumar
516,parkashsagar
517,rajeev dutt
518,Chaitanya
519,mohd habib
520,radheyshyam saini
521,mangilal kumhar
522,ganesh pandey
523,Dhanvantari
524,sanjay kumar kukreja
525,sazid
526,parveen suyal
527,Nabhoj
528,baccha prashad
529,Urvang
530,Priyaank
531,harprasad sahu
532,nittin rana
533,imtyaz
534,Mahavir
535,Jivin
536,gordhan gujar
537,Kiritmani
538,roopsingh
539,Yashas
540,Yaduvir
541,kalu ram
542,heera
543,mukish kumar
544,pandit ram niwas
545,Trimaan
546,Dattatreya
547,motilaal
548,krishna pandey
549,bhup singh
550,mahaveer tyagi
551,mahroj ali
552,janak singh dadwal
553,Nishil
554,noornabi
555,ravi shrivastav
556,varun gupta
557,Archit
558,arvindarun
559,deepak verma
560,anand kumar
561,mittopuri
562,Sanjeev
563,rohitjangu
564,aayush
565,ravi golu
566,mohini
567,pradeep lakhera
568,Riti
569,manohar singh
570,chinkuyogender
571,subin sugathan
572,pphola
573,sukhmit yadav
574,Hemachandra
575,mho taiyaybh
576,surender bansal
577,Saumil
578,pankaj mishra
579,gaffar ali
580,dama  rajanna
581,hararat
582,raghubeer singh
583,sandeep goyal
584,hira lal
585,Bhadraksh
586,farjand
587,Mahabahu
588,kiran pal
589,manender pratap
590,mahesh jatav
591,babulal yadav
592,chander parkash
593,shakil
594,inaam ahmad  vishal ahmad
595,prem ballabh
596,hiten dev
597,Vyas
598,aamod singh
599,shashai ranjan shah
600,narendar
601,vivek shokeen
602,pankaj yadav
603,vijay anadn
604,dinesh kumar
605,siraj
606,avdesh singh tomar
607,jhakar singh
608,khemraj
609,vijaypal
610,samsudin
611,Vineet
612,Alok Nath
613,motolal
614,sh birma
615,balam
616,Pusan
617,Virurch
618,dabu
619,sanjaysonu
620,Askha
621,Nisarg
622,mohamad abdul matin
623,Deepanath
624,mohd tanveer
625,pappu kumar
626,pawan saini
627,Jyotisa
628,rashid ali
629,moshin raza
630,satpal
631,Mrigendra
632,Paranjay
633,Ashish
634,babu lal yadav
635,gurpreet
636,suminder
637,mohd  amjad
638,jai shanker
639,Chintamani
640,farid khan
641,budh rambudharam
642,roop basant meena
643,udham
644,ranjeet  kumar
645,ashwani
646,Chittaswarup
647,chetanram
648,harvans
649,terence nameirak pam
650,balaram
651,dharm singh thakur
652,rajesh mehta
653,gulfam saifi
654,Abhyas
655,gopal sharma
656,radhesayam
657,ankitudai
658,buddha
659,pushank
660,Bikram
661,jitu
662,forshan anl
663,anil singh
664,Raghbir
665,haseen ahmed
666,harshaman
667,parmjeet rai
668,veerbhan
669,najre alam
670,rishuvishal bansal
671,Vishant
672,mohjaved
673,naveen nischal
674,kiran pal singh
675,prabhat
676,Pathik
677,ashok bairwa
678,chandu
679,pavan kumar aggarwal
680,anish
681,rahul kumar
682,ravishankar
683,jantarpal
684,sanjay chug
685,roop kishore
686,visham
687,Samik
688,sh ram bahadur
689,shiv prasad
690,lal bahadur jha
691,chanchal
692,ravinder
693,sandip kumar
694,sandeep gupta
695,sukh dev prasad nirala
696,aadish
697,Prithish
698,tirlok singh
699,hasir
700,Shrikar
701,Madesh
702,kashi v
703,Amrish
704,azaz
705,Vittanath
706,janta
707,kamal jyoti sharma
708,mohammad saraj
709,Vasuroop
710,durgeshomkar
711,arjun sharma
712,bhupen dawara
713,chetan
714,mohd israr
715,shubankar
716,pankajsheel
717,saksham
718,esrail khan
719,mahesh balwani
720,aakash
721,dharmbir singh
722,Vitabhay
723,adi
724,Vipul
725,lovely
726,Murali
727,sagar
728,rajesh singh
729,mihir
730,chandar mohan
731,Kamadev
732,Taraknath
733,Sahaujas
734,Svarna
735,Vivikta
736,Sarasvat
737,dinesh sharma
738,Devguru
739,chandra kanta jat
740,sumit tiwari
741,mubashir ali
742,pardeep
743,Agraj
744,prinsh
745,Jimuta
746,Puskar
747,kabul singh
748,kumari preeti
749,sardeep
750,gordhan
751,jamal khanjimmi
752,prabhudayal
753,natthu ram
754,sujeet gupta
755,chintu kumar
756,pramal mishra
757,Morad
758,vishwjeet devnath
759,dhanraj
760,Rasraj
761,rohit singh
762,tarun kumar
763,vikas gupta
764,rahul pandey
765,shadan arif
766,Vihang
767,amarjeet
768,narayan dass
769,nishant
770,avinash jha
771,parashu ram sharma
772,Nehal
773,prem ranjan benerjee
774,sandeep kumar sharma
775,Lakshman
776,jgdish sharma
777,darshan lal
778,siddarth chakrwarti
779,aphasana  & mukesh & narendra
780,Samara
781,shri puran singh rawat
782,bhola nath
783,Shriharit
784,lala ram
785,ahupendra
786,mithun kumar
787,surendermanoj
788,harbanschauhan
789,rahmattinku
790,shankar verma
791,rahul sharma
792,sarkar govinda
793,aditya kumar
794,Shrida
795,aakas
796,Kalyan
797,Nawalkishor
798,ramu raju
799,succha singh
800,asha ram
801,baidnath
802,mhendar singh
803,irfhan
804,suraja ram
805,Saakaar
806,asgar kamal
807,grish chandra
808,upender khandelwal
809,Shantanu
810,Achyuta
811,ajay varma
812,Saurav
813,tarun
814,vithal lal
815,dilsad
816,vikas thakur  hari thakur
817,mohmshahid
818,sudhir singh
819,piyushkalu
820,yeshpal
821,anuj kumar
822,Prajesh
823,Tapan
824,rajnish kumar
825,geesa kha
826,raju dass
827,mahadev
828,tarun upadhyay
829,babu
830,mohd hasan ali
831,ravi tripathi
832,Safal
833,ramniwas jat
834,sanju tamang
835,Sandeep
836,mohd nazim
837,varun kalra
838,budhan yadav
839,Daulat
840,Sahasrad
841,mahaveer
842,Ramanuja
843,rajputra sudhakar singh
844,Deeptendu
845,gulshad
846,sudesh kumarsuresh
847,madan jain
848,Sukarman
849,Nitish
850,Murugan
851,jagdish kumar sagar
852,mohd asif
853,mukesh soni
854,prabhjeet singh
855,prafhool pandey
856,aas mohammad
857,iqbal
858,noor ahmad
859,mukesh chand chaturvedi
860,jitendra kumar khant
861,mohd manudeen
862,Prithu
863,bawan yadav
864,khursheed
865,santosh kuumar
866,dhirpal
867,palaram
868,tammanne
869,Daman
870,maksood mohd
871,Devam
872,mantosh
873,prem kumar sharma
874,chandki ram
875,anup kumar misgra
876,tonidaya nanad
877,Vidyacharan
878,jagdiesh arora 
879,Mrigesh
880,jasveer singh
881,rahul chauhan
882,santosh kumar singh
883,jai chand
884,Sauman
885,Shighra
886,Saransh
887,yashwant
888,vinay bhattia
889,vipan
890,balveer singh
891,rajesh kumar
892,subesh
893,Rohiniraman
894,Prabhu
895,sapna
896,anil saxsena
897,jalil ansari
898,affan
899,premnarayan
900,yashpal nagpal
901,mohd sabir anjar
902,ishan khan
903,Jivana
904,radheshyam
905,yuvraj kumar
906,rohan
907,sheeak azzul hak rahaman
908,daks
909,anandu krishan
910,Pratyush
911,Ajitabh
912,patras massey chhuttan
913,Tridhaman
914,Kalanidhi
915,aamil
916,Aadarsh
917,ramkaran gujar
918,sumit chhouhan
919,khushnaseeb
920,naeem khan
921,sachidanand
922,harendra
923,niraj
924,Medhansh
925,shiva
926,prem giri pradhan ji
927,Nayan
928,vishnu bhati
929,pawan kumar shri vastav
930,vinod sehgal
931,vishnu parshad
932,Sahishnu
933,satyanarayan  dholi
934,asgar khan
935,sanjay tyagi
936,ram charan
937,Sakash
938,mager sahu
939,Satpal
940,Vanshya
941,shanti lal
942,Arvind
943,manak paramik
944,Parimal
945,ramesh malik
946,kanwar ali
947,Dhruva
948,feru singh
949,sehnawaj
950,sunil kumar bharati
951,ravi shankar
952,Jaichand
953,Ajish
954,faizur rehman
955,akhtar ali
956,Devdas
957,banshi
958,hasan
959,ratikant maghi
960,pankaj kumar
961,omender
962,vijay sharmakhada chand
963,Virendra
964,vijay virmani
965,ameen
966,nawed
967,kuldeepkullu
968,braham singh urf virmanand
969,vishal raghav
970,raghuveer singh
971,Sarvashay
972,Shivanath
973,rajendra podhar
974,deepakpardeep
975,Vishwajit
976,Lakshmiraman
977,manjesh
978,hazari
979,ashish rout
980,yaswani panday
981,himansu
982,suresh chand
983,anurag singh alias banti
984,Prateep
985,sunil mehta
986,parsnath
987,pawan meghwal
988,Saket
989,vinod verma
990,ashok kumar
991,sanjay bhandari
992,raman verma
993,jai prakash yadav
994,sajidchummu
995,kulwant singh
996,shvipin kumar yadav
997,jodhi kumar
998,vijay kumar
999,bhartendu singhal
1000,rajpal singh
1001,nej bahadur thapa
1002,jagbir
1003,Dhananjay Arjuna
1004,gorav
1005,gobind hazra
1006,subham negi
1007,amit kumer
1008,dharam bir
1009,bahrat panday
1010,raja babu
1011,Vishnu
1012,Gurcharan
1013,abhishekrohit
1014,madan lal
1015,surendra singh
1016,amit sharmabablu
1017,Tusya
1018,varunnishu
1019,shatish kumar
1020,Jamadagni
1021,latur lal
1022,narendra  mishra
1023,mushir ahmed
1024,Chandramouli
1025,shanawaz
1026,raman  gavinder and ansh  farukh khan
1027,ajay bhardwaj
1028,lokesh kumar
1029,pawan jangir
1030,mahaveer jain
1031,sehdev mukhiya
1032,shabir
1033,aakib javed
1034,Saril
1035,gajraj
1036,rajat tyagi
1037,ashwini kumar
1038,satyanarayan soni
1039,Poonish
1040,Falak
1041,Neelkant
1042,parkash agarwal
1043,sone lal shah
1044,abhimanu saini
1045,bal kishansonu
1046,ramchander
1047,dhurv solanky
1048,Kalpak
1049,rambrij
1050,sushil kumar
1051,mukesh kuril
1052,nithyanandham
1053,Hiranya
1054,lal chand
1055,gopal dass
1056,Anandmoorti
1057,Vidhyadhar
1058,shri rameshwar lal
1059,firasat
1060,awdhesh pokharana
1061,madan mohan
1062,jayshing
1063,dolat ram
1064,satynarayan
1065,ravi rawat
1066,Omarjeet
1067,pawan
1068,khokan sarkar
1069,prannab dey
1070,Jovan
1071,sumesh
1072,faizan khan
1073,karansingh
1074,tapender upadyay
1075,ashok pandey
1076,Shriram
1077,nishith bhattacharya
1078,adarshsonu
1079,lalit alias lowan
1080,rajkumarkala
1081,Uddish
1082,asfaq khanguddu
1083,lalit gulati
1084,mahtab ali
1085,pappuman mohan kumar
1086,manoj sachdeva
1087,matadeen
1088,luv kumar sharma
1089,surender kapoor
1090,Indradutt
1091,chandan adiwasi
1092,vijay gurjar
1093,dinesh chauhan
1094,sanpat
1095,kuldeel
1096,umesh kumar
1097,sehzad
1098,Ramanuj
1099,love manjhi
1100,jamshed
1101,munne alias driver
1102,Yatindra
1103,Yogesh
1104,sukkhu
1105,Umed
1106,Neeraj
1107,Pandya
1108,amar pal
1109,ram saveroop
1110,javed
1111,Shashipushpa
1112,gurcharan
1113,Vasupati
1114,rakesh sonkar
1115,Surya
1116,Dharma
1117,Sikandar
1118,tundiram
1119,Vanadev
1120,anuj tiwari
1121,gulshan singh
1122,Nish
1123,kamaldeep
1124,tribavan
1125,Svarpati
1126,zamile amhed
1127,tameezuddin
1128,Rutvij
1129,Nakul
1130,rajendra  pandey
1131,mahavir
1132,Sahasin
1133,sharukh khan
1134,iqbal masin hans
1135,abdul rahim
1136,atulgolu
1137,Uthaya
1138,amjad
1139,asharam
1140,mohatter
1141,Ronav
1142,Uttar
1143,yoginder
1144,phool chand
1145,deepaksonu
1146,lakhwinder sharma
1147,nand kishore
1148,raghunandan pawar
1149,shri kumar
1150,kishor matta
1151,mohamad sajid
1152,Vedang
1153,ashrfi
1154,kavit
1155,Satruijt
1156,Mehul
1157,subodh kumar
1158,Thakarshi
1159,junl ansari
1160,ramfare yadav
1161,kamal sharma
1162,rakesh kumar  bhardwas
1163,moin
1164,narender mali
1165,Visruta
1166,Sarngin
1167,bhagwan das
1168,jai narayan jat
1169,Mitul
1170,praveen kumar papees
1171,chander mohan
1172,Harihar
1173,Kesav
1174,rajesh garg
1175,Vrisa
1176,dalpat singh
1177,jawahar singh
1178,supriyal sen
1179,chandru
1180,devender sharma
1181,udai pratap singh
1182,Gajendranath
1183,amarjit
1184,achin chakraborty
1185,gulreg
1186,aashish
1187,Ramadeep
1188,abdul rajjak
1189,Parighosh
1190,vivek mishra
1191,Samhit
1192,Kamal
1193,Kaish
1194,Poojan
1195,shankar sharma
1196,Variyas
1197,pradeep shah
1198,bhojaram
1199,sh reddy ashraiya
1200,arun verma
1201,Prabhjyot
1202,Saugat
1203,charnjeet singh
1204,sonuvirendra
1205,Taporaj
1206,jalmi
1207,Vrisapati
1208,Sadhuj
1209,laxman prasad
1210,pram jeet dabas
1211,jatin sharma
1212,baga sathyanarayana
1213,Kamal Nath
1214,vikesh kumar bhatt
1215,lokender
1216,Nirbhik
1217,rajesh kalia
1218,vikram singh rajpoot
1219,Navratan
1220,pavan kumar
1221,Udayan
1222,kausal kumar
1223,om prakash mishra
1224,talvender
1225,faizan
1226,choga lal
1227,dhan bhahadur
1228,Hemaraj
1229,Tijil
1230,brij mohan
1231,Priyadarshan
1232,ram babu
1233,parvinder
1234,arif akram
1235,goutam bhora
1236,umashankar khanduri
1237,baburam
1238,Vishalaksh
1239,kabid
1240,Ritvik
1241,dolat singh
1242,mohd zaki
1243,nesha
1244,Shivendu
1245,sadik
1246,Jyotirmaya
1247,nitinbhura
1248,ramanand tyagi
1249,raj karan
1250,aman sonibadal
1251,azad singh
1252,vikas kumar jha
1253,hayatul
1254,istikar
1255,mahaveer singh yadav
1256,gjender
1257,ebane ali
1258,pramatma pandey
1259,atitaj singh
1260,Manikandan
1261,velaram
1262,Dwarkanath
1263,Jnyaneshwar
1264,atu verma
1265,sanjeev rai
1266,mohd firoz
1267,anand shahy
1268,pintu meghwal
1269,Akshat
1270,ramesh  bansal
1271,ankur solan
1272,shashikant mishra
1273,Shrinath
1274,amrit
1275,banwari saini
1276,bhalaram
1277,himanshu dagar
1278,Shvetambar
1279,mahendra prajapat
1280,manoj patra
1281,pankajparveen
1282,raman kumarrupi
1283,manjiv singh
1284,susant
1285,Lalitlochan
1286,vivek mohan arya
1287,asgar ali
1288,Jagan
1289,Prayag
1290,Sushrut
1291,kesha sharma
1292,jagat singh
1293,lakshdipanshu
1294,mahender sahani
1295,raman singh
1296,abhinay
1297,Bhanumitra
1298,Nabhanyu
1299,sahdev tiwari
1300,amir hamza
1301,Tilak
1302,dal bahadur  thapa
1303,jagdish prasad
1304,vickyraja
1305,Vairaj
1306,ishwer das
1307,tinku singh
1308,Nisyaanthan
1309,pawansingh
1310,chabi lal
1311,rajenderkaku
1312,waseem
1313,veeri singh jatav
1314,manmath nayak
1315,Sarvambh
1316,monish
1317,Hitesh
1318,praveenneetu
1319,pankaj chaudhary
1320,sachin singh
1321,shanker
1322,ravinder kr malhotra
1323,mohd sazzad ansari
1324,kishore
1325,ramprasad
1326,keshri chand
1327,Kashi Nath
1328,suraj puri
1329,ram naresh yadav
1330,saroj devi
1331,gorav chandra
1332,sandeep dubey
1333,jai kumar gupta
1334,mohd amir
1335,Padmanabh
1336,devender jain
1337,parvesh
1338,hassan
1339,satish chandra
1340,pankaj malik
1341,nazmuslam
1342,manful
1343,aoosaf
1344,Subham
1345,Jaganarayan
1346,garupal singh
1347,vikram kumar
1348,samina
1349,vikash kasana
1350,Vireshvar
1351,ashfaq
1352,Suchet
1353,partab chand soni
1354,deepak ram
1355,shaurabh
1356,Visham
1357,nar singh thakur
1358,Nityanta
1359,Indiresh
1360,jay narayan
1361,kalu bhatiya
1362,Tanmay
1363,j nelson abiman
1364,amit singh
1365,hifjul kha
1366,vahab
1367,mohit parsad uniyal
1368,Hastin
1369,Veera
1370,Mohit
1371,mo nadim
1372,nagender singh
1373,Talank
1374,Vivek
1375,ajahar
1376,rajveer singh
1377,Chandrahaas
1378,subhash
1379,Surajiv
1380,shohan singh soni
1381,jitender monu
1382,Mehtab
1383,tulsi sharma
1384,ratneshwar roy
1385,Khemprakash
1386,mohd hammad ashraf
1387,Uttanka
1388,pancu
1389,Kalanath
1390,Ekanga
1391,Meghdutt
1392,Shreyansh
1393,moham madhav
1394,sangeeta
1395,anwar ansari
1396,shayam singhsonu
1397,Likesh
1398,sehjamal urf munna
1399,harishchandr
1400,daya ram
1401,rani ranjangolu
1402,sanjeev bansal
1403,hari mohan gurjar
1404,Harshvardhan
1405,mohd rahim  mohd akbar
1406,goldi chopra
1407,govind dev
1408,shoan singh kandari
1409,dilshad saifi
1410,sheh nawaz
1411,kaushar
1412,mahender manish
1413,abdul jhabbar
1414,jaynarayan  meena
1415,repu marwaha
1416,samir
1417,Haresh
1418,hari uraown
1419,chaman
1420,mukhtar
1421,Sourish
1422,chitu
1423,chander prakashbanta
1424,mohammad kaif
1425,munnu
1426,babar
1427,pushkar
1428,Bhairav
1429,Gajvadan
1430,surender mukhiya
1431,Premanand
1432,Rajnish
1433,jagir singh
1434,deepakpappu
1435,Adith
1436,Prabhas
1437,Sarva
1438,narsingh pal
1439,mandeep singh
1440,sanavvar
1441,sagar pahwa
1442,Bhagwant
1443,Venavir
1444,ritik
1445,Ramdas
1446,sharwan singh
1447,sanjaybablu
1448,adityavishnu
1449,dhermendra
1450,surender sain
1451,diwan chand
1452,maman singh
1453,manohar kumar
1454,faqir chand
1455,pradeep mehta
1456,panchi lal
1457,krishan lal
1458,mohit bhatia
1459,perveen kumar
1460,Satyen
1461,mohd imranmunna
1462,bal bahadur kayanchhaki
1463,Keval
1464,naresh
1465,rada sharn
1466,Tanav
1467,shib lal singh
1468,vikram vicky
1469,ibrahim
1470,Vasur
1471,Mithun
1472,abu hasan
1473,Bhawanidas
1474,neeraj
1475,mahinder
1476,guljarrocky
1477,ahsan
1478,omparkesh
1479,banty gupta
1480,ghansyam soni
1481,madhusudan prasad
1482,ravinath
1483,Parvateshwar
1484,Fateh
1485,rakshit singh
1486,ajit singhsonu
1487,ravi meena
1488,rupendra ubas
1489,uday veer
1490,pram prkash sharma
1491,suchit jain
1492,Yagnash
1493,ashusunil
1494,jai singhjassu
1495,shri ram
1496,amkit
1497,ramjeet thaukar
1498,homa soji
1499,Gunaratna
1500,satender dass
1501,chirag
1502,Sharvarish
1503,Markandeya
1504,Kshitidhar
1505,anwar ali
1506,mujeeb
1507,sugai vishwas
1508,laxman dass
1509,Badrinath
1510,ravi gupta
1511,Aviral
1512,baniya
1513,dhiraj passi
1514,noor mhoomad
1515,mho najim
1516,Deepak
1517,madhu ram
1518,Ravikiran
1519,gaurav
1520,vinod chandra upreti
1521,tulshi ram
1522,akashya tyagi
1523,sevakpitambar lal
1524,mohd miraj ansari
1525,ram vilas choudhary
1526,Veer
1527,ashok kharkwal
1528,Sudalai
1529,bhala ram
1530,Badal
1531,Prabhat
1532,lokender singh
1533,akram rijwi
1534,lllllllllllllllllll
1535,tejpal singh
1536,shekhar chandmakkhan
1537,sonu goyal
1538,Kshithiraj
1539,bhanu pratap
1540,Adeel
1541,sanju
1542,bhavesh dass
1543,tanuja
1544,Rupesh
1545,kalu
1546,Pyarelal
1547,lal ji parshad
1548,danish
1549,sunder  singh
1550,talim
1551,Kanaiyya
1552,rudhra pratap
1553,hitender kumar
1554,sumit agarwal
1555,Harsh joy
1556,padam bahadur  karan
1557,tohseeem
1558,rakesh tyagi
1559,Pranjivan
1560,jasiram
1561,Kanak
1562,akash mandal
1563,rajesh naydu
1564,himanshu dedha
1565,aditya kasana
1566,prem parkash seth
1567,usmaan
1568,muslim
1569,tony
1570,hitesh
1571,Kalkin
1572,mahkar
1573,tara parshad
1574,babli
1575,shyam bodha
1576,Somanshu
1577,mandeep kumar
1578,satpal kaura
1579,harender kumar
1580,sawan gupta
1581,Sarin
1582,sukh dev
1583,paul nepal
1584,sablu
1585,monti
1586,rehmat
1587,pushpendra
1588,rakesh yadavjony
1589,Rantidev
1590,poonam chand
1591,bhanwer singh bablu
1592,Mittul
1593,Raktakamal
1594,giri raj
1595,itwari lal
1596,Hemendra
1597,Paras
1598,kamal shayam sukha
1599,Garv
1600,ankit verma
1601,gouravgoldi
1602,Indushekhar
1603,har bilas
1604,Vajramani
1605,krishan lal arora
1606,gurvinder singh 
1607,basirbechan
1608,raisingh
1609,Vyomdev
1610,hemant kumar
1611,ishwar singh
1612,manish bansal
1613,gurbax singh
1614,naeem
1615,ravi soni
1616,m rajeev
1617,sanjaymani
1618,Satvinder
1619,rajender nath
1620,hem singh
1621,atul rathor
1622,rupan kumar
1623,Swapnesh
1624,Sarvendra
1625,babubalu
1626,abhishek yadav
1627,vikramjeet sharma
1628,jai devnanu
1629,bobi khan
1630,Arihant
1631,purnmal
1632,Rayirth
1633,vinay shankar chobda
1634,hanni kumarmandu
1635,pradeep yadav
1636,sumit kumar
1637,monu agrawal
1638,dev dutt
1639,jamil khan
1640,Bhim
1641,kamala
1642,Vairochan
1643,Bhushan
1644,Saramay
1645,pramod kumar tiwari
1646,Samodh
1647,gulab
1648,vishvnath sarkar
1649,sompal
1650,Abhik
1651,mangal bind
1652,saurabh beeryani
1653,manosh yadav
1654,arti
1655,chitra
1656,lokindra singh
1657,harishenmunna
1658,kundan chohan
1659,Sonit
1660,khubchand
1661,Sudeva
1662,charan singhminchu
1663,kailesh chand
1664,bhagwati lal jat
1665,pushpendra singh rathore
1666,Anshuman
1667,sudan ji
1668,mahabir
1669,Sabrang
1670,Priyaka
1671,Sathish
1672,Sanisth
1673,biram
1674,Yashovarman
1675,akhilesh bhagat
1676,amar deep gupta
1677,krishen kumar
1678,Sanjay
1679,krishna bhatt
1680,mast ram
1681,kamre alamnabi karim
1682,vipin kumar
1683,virendra kumar
1684,bashudev sharma
1685,juber
1686,ravinder singh
1687,Satyadarshi
1688,Parmesh
1689,Sambit
1690,sanjay ram
1691,raj kumarkale
1692,pankaj  chobe
1693,pardeshi
1694,Maruti
1695,syed ali hashmi
1696,manoj singh
1697,Rochan
1698,mani kumar
1699,Chandradhar
1700,avinash chand
1701,gulam sakhar
1702,samim malik
1703,sanjey
1704,neeraj gupta
1705,Sahisht
1706,inder kumar
1707,annat singh 
1708,bahadur
1709,dhan singhdeepak
1710,shrikant manjhi
1711,isharar ahmed
1712,saddam hussain
1713,Tarak
1714,sateesh
1715,ajayajju
1716,narhasi dass
1717,jai kishanbhondu
1718,kanhaiya
1719,Saddhan
1720,chain singh
1721,chamanlal
1722,vivek adak
1723,jalil
1724,vipin kashyap
1725,tejvir
1726,Ruchir
1727,umesh yadav
1728,ramesh singh negi
1729,sher ram
1730,shakib
1731,parbhu sahni
1732,yogesh chandra joshi
1733,navi alam
1734,lalit sharma
1735,suman lal
1736,saurabhmonu
1737,manmohan kandwal
1738,pardeepsonu
1739,sukhvinder singh
1740,Deeptanshu
1741,Virikvas
1742,saheb raza
1743,biraj pal
1744,Yugandhar
1745,ajay saday
1746,tejpal agarwal
1747,ankush sharma
1748,omveer
1749,raman ralhan
1750,dinesh kartik
1751,Anupam
1752,prakash lal gupta
1753,Trigya
1754,parveen kumar
1755,Bhuvan
1756,Vinil
1757,bachhu singh
1758,brijshwaer
1759,Deepankar
1760,munna kumar
1761,mohd ahamad
1762,Zravasya
1763,jeetu gautam
1764,dayaram  madan lal lohar 28 years  madanpura
1765,Aradhya
1766,kale
1767,ramuramesh
1768,udal singh
1769,sanjay charee
1770,siya ram gupta
1771,mohd nafees
1772,santu & ramesh
1773,deva
1774,kalyan singh
1775,Damodar
1776,Mrigalochan
1777,Dilanesh
1778,dibakar rout
1779,kishnaram
1780,ramesh singh
1781,nanhu khan
1782,vishal sarin
1783,goopi ram
1784,mohit chaudhary
1785,ranjit kumar chopra
1786,Jaldev
1787,ravinanna
1788,anuraj
1789,bachheshwar paswan
1790,kanta prasad
1791,sivam
1792,fitrat
1793,sundar pal
1794,nazir ahmed
1795,amankalu
1796,chura mukhiya
1797,jaibir
1798,sanjeevkaku
1799,aasto
1800,Nadin
1801,nitin jain
1802,Sharatchandra
1803,upender jha
1804,Sarvin
1805,Tisyaketu
1806,Uddiyan
1807,harsh singhal
1808,bipin
1809,garsh
1810,Rateesh
1811,Aniketh
1812,tanveer malik
1813,lokesh sharma
1814,Nirmit
1815,tazaudeenkabadi
1816,keval thakur
1817,Martand
1818,guluram urf chutararam
1819,munna lal jain
1820,Kishlaya
1821,dinesh pareek
1822,Subeer
1823,suja ram
1824,Anit
1825,mhoomad sakir
1826,puran singh rawat
1827,dushyant
1828,shambhu jha
1829,ramswrup bhatya
1830,hera parshad
1831,laxman mehtu
1832,vihsal kumar
1833,Kairav
1834,ashusatender
1835,Ripudaman
1836,rishi kakdia
1837,kalpna
1838,ganeshi dass
1839,shikha
1840,sanjit kumar
1841,tarachand
1842,Satveer
1843,Vidyaranya
1844,amarjeet kumar
1845,Parindra
1846,Sahaskrit
1847,ashokshoky
1848,vishal verma
1849,shanvaj
1850,Gopan
1851,ramdhan
1852,nihal singh
1853,deepak sewani
1854,partik kumar
1855,ratan sushil
1856,salman
1857,Rohak
1858,mukul sharma
1859,khubi ram
1860,Madhukar
1861,mohd fahad
1862,chandra bhan
1863,dheeraj meena
1864,mohd noman
1865,mukul verma
1866,om parkash ahuja
1867,mohd imtiyaz
1868,hashim
1869,Suraj
1870,jasvir
1871,naina
1872,shiv kumarshibhu
1873,mohd sikender 
1874,bhola sarkar
1875,vajid ali
1876,manoj  vajpay
1877,shardanand
1878,kalusingh
1879,Nityanand
1880,Satyendra
1881,vishamitra
1882,Gurkiran
1883,zishan
1884,krishan kishore
1885,rakesh kumar meena
1886,Karan
1887,rohtash singh
1888,adityalok singh
1889,surinder kumar
1890,anshul
1891,Pritesh
1892,ram avtar
1893,randheer singhdheera
1894,Varunesh
1895,Shasvat
1896,iqram
1897,aryan shrma
1898,Vibodh
1899,Omkar
1900,Nirankar
1901,rajkumar saini  madan lal saini
1902,sahajad
1903,archna
1904,Kaladhar
1905,umar farooq
1906,Shaant
1907,Sarat
1908,shadhik alli
1909,name
1910,mohd khairul
1911,Balachandra
1912,dhawal sreshta soni
1913,kasim
1914,manoj singh bisht
1915,Preetam
1916,ram baran
1917,keshav raj
1918,Vyan
1919,pawan kumar chourasiya
1920,rocky
1921,ravindar
1922,joy kashyap
1923,ilesh parkashvasu
1924,ganesh yadav
1925,sureshtinku
1926,Ekachakra
1927,Anang
1928,mdansar
1929,Sanket
1930,Viranath
1931,yadvir
1932,sandeep  pappu urf munesh kumar  chadseena p
1933,ajeet singh
1934,bheem pal
1935,brijlal giri
1936,Sankil
1937,iqubal
1938,Vrisan
1939,rishi pal
1940,Shineyu
1941,kulbhushan
1942,man singh
1943,rohaan sadat
1944,monu
1945,gaurav urf raheesh
1946,gul mohd
1947,sunil sharma
1948,sandhaya
1949,salmanshera
1950,naryan chamaar
1951,hari shankar pandey
1952,rajesh sharmaraju
1953,somdath
1954,satya narain
1955,gurubaksh
1956,Nirupam
1957,baburam singh
1958,razi
1959,ghanshyam
1960,vishalashu
1961,akhlakh
1962,shayamveer singh
1963,mahesh saini
1964,arman
1965,nasrudeen
1966,kalusanjay
1967,deepa ram
1968,Anjalika
1969,nikhil saini
1970,Bhamhanand
1971,deepak jha
1972,Pankaj
1973,brijmohan aggarwal
1974,jay noor
1975,deepak garg
1976,dhurender singh
1977,ramesh upreti
1978,Purajit
1979,mukesh kumar negi
1980,mayank pandey
1981,Pashupati
1982,jeet singh ramola
1983,teenu
1984,pradeepchagul
1985,praveen kumar
1986,somender
1987,pabitra bhoi
1988,neeraj jain
1989,manikchand
1990,amarnath
1991,Gajbaahu
1992,manishbittu
1993,balmiki chauhan  budhan chauhan
1994,Neelgreev
1995,mehboob alam
1996,bobbi
1997,heera parsad chouchan
1998,kaushal  dinesh
1999,sheikh matinmunna
2000,Loknath
2001,rasul
2002,prashant yadav
2003,shyam singh
2004,nanak prasad
2005,Jagamohan
2006,Chintu
2007,Nagdhar
2008,sanjay manchanda
2009,ramjanam
2010,shyam lal chawla
2011,kamlesh kumar urf sonu  harish
2012,manjeet kaur
2013,parmood
2014,prabhakar
2015,arvind batraparveen
2016,akshat baliyan
2017,shi8vprakash
2018,Mihirkiran
2019,ketan
2020,shahbaz
2021,Sarvajit
2022,sankar lal
2023,manish aneja
2024,maushid
2025,kamal  singh
2026,deepak
2027,manjit
2028,Shivkumar
2029,Raghav
2030,ram lakhan 
2031,dayaram
2032,Indubhushan
2033,mohd kaif
2034,altaf
2035,abhinav jhori
2036,Sukrant
2037,denesh kumar
2038,mukesh kumar garg
2039,hemantteeku
2040,Jagatprakash
2041,roshan
2042,jagmohan gupta
2043,yogendra thakur
2044,Mayur
2045,lallu
2046,hasrat khan
2047,shri gyan chnad
2048,Chaturvedi
2049,sheikh azhar ali
2050,kailash chand verma
2051,rameshwer urf kallu
2052,rambir singh
2053,Shrikeshav
2054,Mohin
2055,amrit singh
2056,sanjay mashi
2057,sh tejpal singh
2058,sakhichander
2059,Ganapati
2060,sukka singh
2061,julfikaar
2062,gourav mital
2063,vaseem
2064,surender
2065,shahid ahmad
2066,suraj malhotra
2067,chand miyan
2068,mohd mukeem
2069,kishan lal
2070,Kumudaksh
2071,duni chandbks
2072,ramdas
2073,Manishankar
2074,prankur dobhal or  monu
2075,dineesh khatik
2076,ravi kumar gangwal
2077,jarnail singh
2078,mukeshgolu
2079,reenu
2080,baleshwer
2081,karan kumar
2082,parhalad yadav
2083,abhishek singh
2084,Manyu
2085,Chrirag
2086,kaushik kumar
2087,ram sagar kumar
2088,Shaktidhar
2089,bhupendra goyal
2090,halkuji
2091,anwar
2092,naresh garg
2093,Saudeep
2094,pyarelal
2095,gourav kumar
2096,deepansu
2097,mehtab
2098,mohd fazil
2099,Nadeesh
2100,vinod lal
2101,redhema munde
2102,chertamani dubey
2103,ajay singh panwar
2104,vijay kumar raghav
2105,ranveer singh
2106,sahnabaj
2107,Gajanand
2108,sohan singh rawat
2109,chandu ikbalakbar
2110,akash sharma
2111,druga lal
2112,sandeepleelu
2113,shri kant
2114,suraj kewat
2115,firtu lal
2116,Prithvijaj
2117,sher singh
2118,jitender sharma
2119,ramdyal singhfaaggu lal mehto
2120,dhaney
2121,monu giri
2122,vijay
2123,sanjay bharti
2124,lakhi
2125,raj kumar sethi
2126,Vishwanath
2127,Gandhik
2128,gaffar sardar
2129,harun rasheed
2130,Lalitmohan
2131,mdtosheeb
2132,mohd faiz
2133,chandan singh
2134,tara singh rawat
2135,Vighnajit
2136,durgesh pandey
2137,manshi shing
2138,ansh
2139,rajeev verma
2140,bhan singhbani singh
2141,devashish sahu
2142,karanveer
2143,Shatrughan
2144,sankar gupta
2145,anoop singh rawat
2146,Matsendra
2147,rohit beeryani
2148,hanish khan
2149,om prakash jat
2150,Adinath
2151,leelu
2152,vivek
2153,hari prasad
2154,budhan paswan
2155,surya narayan
2156,sushil gautam
2157,ashutosh
2158,anil bhatt
2159,kalwant singh
2160,fateh singh
2161,lal babu
2162,agrej kumar ajay
2163,dulichand
2164,shamsher aliraja
2165,vaseemmonu
2166,Ishrit
2167,swadhin beswal
2168,dineshchaund
2169,Satadev
2170,Vihari
2171,satyapal singh
2172,ajay
2173,Nivid
2174,ram naresh tiwari
2175,jubed
2176,shivam rajpurohit
2177,subhash chand bhatia
2178,dhananjay singh
2179,makan singh
2180,Utpal
2181,dwarka parsad
2182,Bhaskar
2183,Omanand
2184,Sanjog
2185,muzim shah
2186,puran  singh
2187,Ridit
2188,Prathyusha
2189,Deepesh
2190,daman preet singh
2191,rajat
2192,Sama
2193,sanaullah
2194,mukesh kumar shav
2195,lalit mohan rawat
2196,ajay mital
2197,Hridyanshu
2198,jawed malik
2199,sandeep larse  dashrath larse
2200,dinesh kumar aggarwal
2201,amit verma
2202,kumresh
2203,eklok
2204,ramdin verma
2205,umar daraj
2206,sahil tigga
2207,Niraj
2208,Mayon
2209,pankaj dhami
2210,nishal
2211,mohd arjoo
2212,Mitansh
2213,Kamlapati
2214,neeraj yadav
2215,sohan singh
2216,avdesh
2217,Dipinder
2218,Jagadish
2219,Vipan
2220,Ritesh
2221,mehak
2222,rambhool
2223,rajeev luka
2224,Subodh
2225,verendra pratap singhrinku
2226,Shriyan
2227,gurprit
2228,lakhua
2229,ramkhilawan
2230,Gannaath
2231,shishram yadav
2232,kuldeepbholi
2233,lokesh deswal
2234,dord yadav
2235,ovaish
2236,revndrshing
2237,jawed ahmad
2238,moh aazad
2239,mangol jao singh
2240,kanda swari
2241,Sagardutt
2242,subhan khan
2243,dinesh tyagi
2244,rahul jain
2245,bahart singh
2246,jawhar lal
2247,deep chand
2248,rahul tyagi
2249,sanoj kumar
2250,satbirsahil
2251,Agrim
2252,Jyran
2253,manish ghai
2254,Smit
2255,baijnath thakur
2256,pramod mehto
2257,kailash chandkannu
2258,"Nishakar, Nishikar"
2259,deepali
2260,phakir  chand
2261,pawan alias lakshman
2262,Shree
2263,vinaysingh
2264,bhikhari
2265,arun kumar jain
2266,ashiyamunni
2267,mohd sameer
2268,nagendershambhu
2269,rahu kumar
2270,Harsith
2271,sandeep thakur
2272,satyenderkalu
2273,Janam
2274,Satya Pramod
2275,Samesh
2276,Visvayu
2277,vishvanath
2278,abhinav
2279,ankit kumar
2280,hasina
2281,mukhtyar hussain
2282,mohd aslam
2283,satpal singh
2284,Shiven
2285,sanjay  hawa singh
2286,shakhtnsana singh
2287,vinod kaushik
2288,kewal
2289,sardar sarbjeet singh
2290,dirgaj singh
2291,masheen yadav
2292,anli kumar
2293,Karnapriya
2294,rajnesh kumar
2295,Nishant
2296,Phoolendu
2297,mohd siwam
2298,mohd akil
2299,dhan bahadur
2300,veerpal singh
2301,kanhiya
2302,chandan adhikari
2303,lakshman nath
2304,Muni
2305,ravinder mandal
2306,ravinder dhaka
2307,razi ahmad
2308,Chaman
2309,devpal
2310,angan singh
2311,anshul krishana urf shubham
2312,harees sharma
2313,som dutt
2314,ravindr
2315,henkhochon haokip
2316,pappumahender singh
2317,Sanobar
2318,bhrkat
2319,upender mehto
2320,Satyanarayan
2321,shambhu munda
2322,Spandan
2323,ajim
2324,deepender kumar
2325,Sarvahit
2326,Shreyaj
2327,kumari archana chauhan
2328,balram
2329,laddha ram
2330,karan gupta
2331,osier
2332,madan kumar chaudhari
2333,rajkumarraju
2334,sattaram
2335,sanny
2336,santosh  pradeep mandal
2337,Kanth
2338,kirshan pal
2339,gomti
2340,yash garg
2341,aakash sharma
2342,Avinash
2343,mastan
2344,subhash raoji deyo
2345,shahrukh
2346,rajesh aggarwal
2347,Vajradhar
2348,Divjot
2349,vanshu
2350,sankarlal
2351,bikkiparveen
2352,lalit pandey
2353,Devidas
2354,pari mohmad
2355,chran singh
2356,Shubh
2357,Palash
2358,rishabh jain
2359,shubham meghwal
2360,miha singh
2361,narender sharmakala
2362,Gajpati
2363,shahid alam
2364,nadeem
2365,stephen topo
2366,Induj
2367,ravi pruthi
2368,mani manohar  prasad
2369,gagan kumar
2370,ganpatram
2371,Vidyut
2372,ramjeet
2373,vikram singh rawat
2374,Nalinikant
2375,kalpadma
2376,naman jain
2377,Vagish
2378,Ishwar
2379,seeta ram
2380,sambhu
2381,Anantram
2382,bholaram yadav
2383,punit
2384,maksud ahmed
2385,parsanjeet sarkar
2386,Subratah
2387,sajan
2388,avinash
2389,Snehakant
2390,ct dilbag singh
2391,hansraj meena  raghunath meena  maharajpura
2392,mohd nadeem
2393,Mahadev
2394,asha
2395,gulashan
2396,arun kaushik
2397,dharam singh
2398,Madhu
2399,Shaarav
2400,satyaprakash
2401,Shripal
2402,Sanay
2403,Vasavaj
2404,pankaj sharma
2405,lakshya sharma
2406,aatir saifi
2407,Dinesh
2408,aslam
2409,ramniwas
2410,shiv sagar
2411,krishn kant joshi
2412,chand
2413,ankur divedi
2414,bhabhav uniyal
2415,dinesh kumar dogra
2416,Samanyu
2417,gd harendra yadav
2418,arshad khan
2419,chtar singh
2420,sheish jha
2421,Trilokanath
2422,ankit paswan
2423,lilu ram
2424,manju
2425,gurpreet singh
2426,shahzad
2427,Yadav
2428,divansh
2429,Pannalal
2430,munnakumar
2431,shiv prasad singh
2432,rakesh deewanbittu
2433,ram nath yadav
2434,jasvinder singh
2435,aariv
2436,pradeeppankaj
2437,Shalabh
2438,chand miya
2439,rahul dubey
2440,Janmesh
2441,laxmi kant
2442,sachin gayakwad
2443,Sohan
2444,balbir gela
2445,mustikeem khan
2446,bhanwer lal
2447,Variya
2448,Vrisini
2449,tushar sainivishal
2450,budhram
2451,ajay mishra
2452,boby kumar yadav
2453,shalig ram
2454,Smiren
2455,golu bablu
2456,hardeephunny
2457,rohit bairagi
2458,Devitri
2459,omendra
2460,mohm gulbhar
2461,krishna giri
2462,aasif ali
2463,karunakar dehra
2464,satpal khanna
2465,viram singh
2466,sundar singh
2467,Ajar
2468,nitin verma
2469,shankar singh
2470,Jawahar
2471,sabrajeetpappu
2472,hemraj
2473,ashok kumar sani
2474,ravi sharma
2475,rahul bhaskar
2476,Randheer
2477,v rajan thomas
2478,shisupal
2479,dharamvir
2480,sanjay kumar tripathi
2481,sumit singh
2482,Prashray
2483,Raghuram
2484,rohit agrawal
2485,mohammad shahid
2486,rohit ahlawat
2487,chotum karmokar
2488,Vatsapal
2489,naseem khan
2490,luv kumartony
2491,Hanuman
2492,jhagdoo
2493,preetam kumar
2494,Basdev
2495,mahfooz
2496,salaman
2497,Nipun
2498,Swami
2499,ram dutt gupta
2500,bhanwar lal vesnav
2501,mahnatha sahni
2502,narayan
2503,ram dev yadav
2504,sanjay gupta
2505,deepak aggarwal
2506,deepak kumar mishra
2507,sanjay saha
2508,bacchu paswan
2509,idrish ali
2510,lilaram
2511,ajeet chaudhary
2512,ganga singh
2513,Prassana
2514,Pargat
2515,sorabh aggarwal
2516,Vajraksha
2517,parminder singh
2518,Parth
2519,barjraj
2520,Akaash
2521,Preetidutt
2522,asif
2523,Reyansh
2524,rattan vail
2525,naim malik
2526,vijender singh rawat
2527,malkiat singh
2528,prakesh
2529,Ashir
2530,chandreshwar
2531,mohd latif
2532,ram sharan yadav
2533,hansraj meena
2534,sangit
2535,Shyamal
2536,akash lal
2537,lal man gupta
2538,Nirbhay
2539,azam
2540,bhavesh penuli
2541,binder singh
2542,noor aalam
2543,aditya sharma
2544,pankaj jina
2545,lal prasad narala
2546,Namdev
2547,Bankim
2548,Balaaditya
2549,pramod shrama
2550,yogender
2551,suraj sahay sharma
2552,rafeddin
2553,mohd zakir
2554,sahil ramvishal
2555,aatam parkash
2556,chain singhravi
2557,nitish kumar
2558,rajendar prasad
2559,suneel chauhan
2560,pramodpopat
2561,mnoj sethi
2562,neeshu
2563,sachin kumar garg
2564,monu alias kallan
2565,Vidit
2566,satyam jha
2567,saurabh gupta
2568,kamal kishor bairva
2569,mohd alichanki
2570,nek mohd
2571,Romir
2572,Shatrunjay
2573,Sanvarth
2574,Niranjan
2575,deni
2576,Adeep
2577,mohd siraz  mohd nisar
2578,manoj joshi
2579,abhinandan
2580,naresh chandpappu
2581,Rusheel
2582,surja jat
2583,"Lalchand,"
2584,Triambak
2585,ramdev sharma
2586,rajendar shing
2587,gurdayal
2588,amrit kujur
2589,parveen
2590,chaman lal
2591,firakat ali
2592,Suran
2593,azad ali
2594,naval kishore
2595,naresh kumar sharma
2596,pradeep kumar
2597,babu lal urf dholu
2598,Rajkumar
2599,Satindra
2600,kishor rai
2601,vipin jain
2602,tariq
2603,rishi
2604,prakesh gupta
2605,kaloo giri
2606,Sanug
2607,moh harun
2608,jyoti prasad
2609,sabbu
2610,champa lal
2611,Prativ
2612,schin arora
2613,farhan
2614,sunder lal tiwari
2615,Mahaddev
2616,boby farman
2617,Tej
2618,trilok chand
2619,Sahith
2620,kalap nath yadav
2621,dilbar
2622,amart mewada
2623,azhar khan
2624,raghubir singh
2625,naveennaresh
2626,mohd aashiq
2627,Devraj
2628,keshave mahta
2629,pankaj tomar
2630,yaadram
2631,Yamajit
2632,chanderpal
2633,yudhbir
2634,amitchander pal
2635,om parkash yadav
2636,prabhu dayal sharma
2637,prashant
2638,aaftab aslam
2639,bhupendra urf anku
2640,virender singh
2641,balwan
2642,yogendra pal
2643,arjun
2644,mantu gupta
2645,rasid
2646,surenderkala
2647,Sutirth
2648,sunil singh
2649,gulfan
2650,ziarul rehman
2651,charan singh
2652,satrudan
2653,Tarani
2654,Krithik
2655,njare alam
2656,chandan kumar
2657,Shriman
2658,Kamalaksh
2659,Mareechi
2660,kishan kumar
2661,vikesh kumar
2662,Antariksh
2663,Vidhaan
2664,Khagesh
2665,sohan kumar
2666,tejpal sharma
2667,prami
2668,mustak
2669,bundhu
2670,Sadajit
2671,Trishulank
2672,santosh kumar panday
2673,phirdos alam
2674,rocky mehto
2675,ashok paswan
2676,sameem
2677,mukesh gupta
2678,ramswaroop
2679,kajamuddih
2680,omesh
2681,tahir
2682,Peeyush
2683,Samant
2684,kalayan
2685,Bharadwaj
2686,Ketan
2687,raja
2688,Sadgun
2689,rajish
2690,m ithilesh
2691,kumar anand
2692,manoj
2693,ajay sharma
2694,yogenderarjun
2695,Amal
2696,riyajul
2697,rakho hari
2698,harshit
2699,awedhesh kumar
2700,sundeep kumar
2701,sunillala
2702,Talish
2703,Rupang
2704,vikas goswami
2705,nitin gupta
2706,chander mani
2707,deshraj
2708,raman dixit
2709,uda ram
2710,himanshu bisht
2711,aajad singh
2712,Pradnesh
2713,bhudhi prakash gahlot
2714,Esh
2715,Prithvi
2716,Vedbhushan
2717,jagjiwan ram
2718,raghuvir
2719,laltha prashad
2720,Shanay
2721,sahib alam
2722,adnan
2723,bholugolu
2724,chituchinku
2725,gaurav aggarwal
2726,Hardik
2727,ashik
2728,anil urf rakesh
2729,Nabh
2730,ayube
2731,dhiraj
2732,Shubhranshu
2733,vivek auhari
2734,hamid khan
2735,surat singh
2736,simran malhotra
2737,rahul shah
2738,gurucharan
2739,bajrang laljugal kishor
2740,mohd jaid
2741,Jagannath
2742,Tuhin
2743,nayeem
2744,gufran
2745,baljeet
2746,Pushpaj
2747,Chidhatma
2748,bupal
2749,gauravgolu
2750,Sannidhi
2751,bhuralal
2752,puranmal
2753,inderjeet mandal
2754,ram ldaike
2755,inder singh bist
2756,shivam arora
2757,birender kuma \r yadav
2758,Uddip
2759,ranjit singh
2760,jagdish
2761,Stotri
2762,khetra nath
2763,rajo dalal
2764,mohd mukhtaar
2765,jay prkash rohal
2766,Datta
2767,pandu rang
2768,saran
2769,Tamish
2770,chander prakash bansal
2771,bhramanand kumar
2772,naseem
2773,yesh
2774,Madhup
2775,Bhupendra
2776,gajender kumar
2777,armaansuvalin
2778,rajeev jha
2779,deepak goyal
2780,mohd rashid
2781,chanchalchintu
2782,babloo
2783,chhabeel sharma
2784,muhmad aarif  muhashin appar bhktiyana srinaga
2785,ramkish
2786,jitendra gayri
2787,rup lal
2788,Nishit
2789,tuka ram maruti ghonde
2790,nijam
2791,"Ritujeet, Rutujit"
2792,Ishver
2793,nanak chand
2794,tamnna
2795,abbal singh
2796,randeep
2797,Vishvajit
2798,master hansraj
2799,Sanshubh
2800,vicky kumar
2801,pardep kumar meena
2802,mohd aakib
2803,Shekhar
2804,Atul
2805,ramu dubey
2806,sahnaz
2807,metily ritayard sonu sharma
2808,shiv lal nehara
2809,rookmani
2810,dhirender
2811,sunny mann
2812,satya prakesh malani
2813,Purnendu
2814,suhelnanu
2815,kailash
2816,angreg singh
2817,kirodimal
2818,mangal singh
2819,knheyalal
2820,manohar vishnoi
2821,prem singh chauhan
2822,Ruhan
2823,Chetas
2824,Duranjaya
2825,rajpal bhatiya
2826,chatter singh
2827,sachin kumar gupta
2828,dharmender singh solanki
2829,Siddarth
2830,Varana
2831,syum
2832,Jagadeesh
2833,sunder singh kaintura
2834,nikhil shukla
2835,abdul ananula khan
2836,hariom
2837,arvind bhardwaj
2838,Sameer
2839,Jagatpal
2840,vijay kumar ghai
2841,ravi raj singh
2842,halke
2843,mohammad gazi khan
2844,suraj palamit
2845,ravinderpapu
2846,Vatsin
2847,keshav bhati
2848,rakesh  gupta
2849,ritu raj kumar
2850,Tautik
2851,Vilohit
2852,shiv bholasanjay
2853,amarendra pul
2854,salim malik
2855,Chandrasen
2856,anand
2857,Nami
2858,aluddin hushen
2859,shan mohd
2860,puran singh rastogi
2861,ramu ramchandar
2862,meghu kumar
2863,bal kishanbunty
2864,jite
2865,rajesh kumar gupta
2866,shankar kumar
2867,alok yadav
2868,jawed
2869,raja kumar
2870,Prakul
2871,Druvan
2872,satya parkash
2873,nrotam dat
2874,sohil
2875,saif
2876,madho
2877,faisal malik
2878,Vishesh
2879,rajeev sharma
2880,zile singh
2881,Mrigank
2882,surendra kumar mandal
2883,sagir ahmad
2884,bitto kumar
2885,Subal
2886,kausthubh
2887,Himanshu
2888,Gharshit
2889,Harman
2890,anita
2891,kaif
2892,karamvir
2893,subash
2894,amit kumar nagpal
2895,aashish gupta
2896,govindagovindgautam
2897,rashid ahmead
2898,preetam singh
2899,sanjay gulati
2900,Chapal
2901,manoj kumar rahman
2902,premchand
2903,Samavart
2904,Gurman
2905,paramjeet singh
2906,shkur khan
2907,ajaykalu
2908,Tunda
2909,khushal  singh
2910,Hansaraj
2911,arham hussain
2912,jacob paul 
2913,sushil kumar arora
2914,ravi swarnkar
2915,sudhir gupta
2916,Tapendra
2917,samir raj pal
2918,manver singh
2919,gantantra mittal
2920,tirath
2921,jony
2922,sinder
2923,sunita
2924,saad
2925,ashish khandelwal
2926,Padmabandhu
2927,vipin yadav
2928,avdhesh kumar
2929,jile singh
2930,Shipirist
2931,ram kumar sharma
2932,santrm
2933,Gagan
2934,Kamalekshan
2935,Sunandan
2936,bhagwan dass
2937,ram pyare
2938,anil mandal
2939,shiv narayan
2940,vikram jha
2941,Isha
2942,nisarmaster
2943,neeraj kumar verma
2944,tapan kumar ghos
2945,nasir
2946,rajender prasad
2947,shlender
2948,vishal rastogi
2949,raja kumar thakur
2950,sanjeev kumar
2951,sh phool chand sharma
2952,jaiveer singh
2953,puneet chawla
2954,Rajesh
2955,dinesh  mishra
2956,mohd sadique
2957,Sajjan
2958,Madhujit
2959,yuveraj
2960,Sudama
2961,ranjan kumar
2962,anil kumar sahu
2963,banwarilal
2964,sanjayhabdu
2965,ram parkash teneja
2966,kauslender  singh
2967,Nataraj
2968,dinesh singh rana
2969,Chudamani
2970,nadeem  shahanshah
2971,Tushar
2972,surender singh chauhan
2973,Prashobh
2974,Saaz
2975,sanjeev verma
2976,Swaraj
2977,mahender singh
2978,Amrik
2979,brij mohan thakur
2980,mahendra kumar
2981,naresh kumar
2982,vijay karan
2983,zakir hussain
2984,narayan dutt
2985,diwakar sinha
2986,pankaj gautam
2987,jon vergis
2988,aadil sefi
2989,kanwar sain
2990,faisal yajdani
2991,jang bahadur
2992,Gaurinandan
2993,kanisk dashora  rajendra parsad dashora
2994,afjal ali
2995,bhanvar singh
2996,Taha
2997,Vyoman
2998,deepu
2999,Bhupesh
3000,Chittaranjan
3001,janmesh
3002,jagan nath
3003,Naagesh
3004,sandeep kumar messi
3005,vikram  routela
3006,virender bhatia
3007,santosh  kumar
3008,chhinderpal
3009,subhakarbablu
3010,vidhi singh
3011,yash mittal
3012,ramender
3013,om
3014,mustkeem
3015,sunil kansal
3016,vipin gujral
3017,saurab gupta
3018,rampal singh
3019,rishi mandal
3020,Shreekant
3021,mitthu
3022,paras chawla
3023,Sanivesh
3024,suhail
3025,jockyipai
3026,Obalesh
3027,jot singh
3028,vishal kumar
3029,vijender
3030,garv
3031,Suvrata
3032,bajulal
3033,ashish yadav
3034,Priyanvad
3035,kailash singh adhikari
3036,Malhar
3037,bhoopsingh
3038,Narmad
3039,Shishir
3040,parkash kumar
3041,ashutoshdeepak
3042,suraj panday
3043,chunni lal
3044,rohit  shiv kumar  c78 shivaji park punja
3045,anand chauhan
3046,boby
3047,talib kha
3048,Padmakar
3049,Aryanathan
3050,ved parkash
3051,gugna
3052,majunew
3053,Abhisar
3054,dipak joshi
3055,jitender singh
3056,ramswroop  jaidev mena
3057,somnath joshi
3058,manoj kumar rajhans
3059,shakil ahmad
3060,ved prakash
3061,sabbir ahmad
3062,harish batra
3063,vicky singh
3064,mosim
3065,Ashok
3066,Trilochan
3067,amar singhgolu
3068,abhisheksumit
3069,Khairiya
3070,shanu
3071,shobharam
3072,sandeep singh
3073,aman arora
3074,aash mohd
3075,aasim
3076,gulam rashul
3077,Satkar
3078,mohd saddam
3079,mamata
3080,kunwar sen
3081,Uchadev
3082,Vishwankar
3083,kuldeep singh
3084,sant mahendra singh
3085,Pranesh
3086,abhinav vashit
3087,rahulakash
3088,jyoti
3089,Vikrant
3090,Subhash
3091,Sadru
3092,sanjaybabblu
3093,narayan parsad bhushal
3094,anoj kumar
3095,p murgesh
3096,tofik ahmed
3097,pankaj sehgal
3098,atul parasar
3099,lalit rastogi
3100,vinod
3101,harinarayan paliwal
3102,savan
3103,goverdhan
3104,Swarit
3105,raj kishore
3106,balbeer
3107,Shaurav
3108,aakar talwar
3109,ankit vikash
3110,shardha nand
3111,ranveer
3112,amol mishra
3113,kunal kumar singh
3114,mahak singh
3115,Rishab
3116,Sahasan
3117,Kumudesh
3118,monu chauhan
3119,Lakshya
3120,sunder jha
3121,lala bhai
3122,mahfuj
3123,Chandradatt
3124,Ashwatthama
3125,shidharth shukla urf sumit
3126,rohit  kumar
3127,puran chand joshi
3128,sanni singh
3129,dhananjay
3130,abdul kadir jilani khan
3131,karan trehan
3132,harib
3133,Saptanshu
3134,shazadsanju
3135,pavan kumar sharma
3136,shri kishansingh
3137,Virasana
3138,Shriranjan
3139,Ujjay
3140,shyam kumar
3141,shiv mohan
3142,said mohmad
3143,Shivram
3144,moolchand
3145,Taksa
3146,Dhanaraj
3147,garib das
3148,Balveer
3149,pareen bhardwajd
3150,rev
3151,satyaprakashraja
3152,Shankir
3153,Pradyumna
3154,jai shankar
3155,asutosh sharma
3156,Sahasya
3157,mousin
3158,saieman
3159,sethi
3160,bhim singh
3161,Bansilal
3162,shashank yadav
3163,Mimansa
3164,Balan
3165,sunil uref gouradhan jat
3166,Vasu
3167,kuwarjeet sharmavikash
3168,Amitesh
3169,doulat singh
3170,hiramani
3171,bhagwan nishad
3172,arun sangwan
3173,latesh
3174,parteek
3175,manish kumar saket
3176,partap singh
3177,vitan
3178,rahul
3179,rishab kumar
3180,anilsonu
3181,Satyadev
3182,narayan sharma
3183,firoj ahmad
3184,rishab uniyal
3185,chand mohammad
3186,mohd mustkeen
3187,jagdish singh
3188,ramdev jha
3189,Shailendra
3190,Advay
3191,nilu giri
3192,vaibhav
3193,Rishit
3194,vimal nepali
3195,shamshad
3196,chhatar palanil
3197,vimal dhakad
3198,rakshit ghai
3199,dhamender  nandu
3200,farmaan khan
3201,poonam 
3202,Viksar
3203,mukkesh
3204,shankar kumarkalu
3205,kundin
3206,abishak soni
3207,Prateet
3208,subham sharma
3209,sandeep dhaka
3210,Chhailbehari
3211,nepal
3212,chetan verma
3213,soheb
3214,prakash regni
3215,inderjeet kumar
3216,leela dhar narang
3217,roop singh
3218,deepi
3219,Nirved
3220,Srinivas
3221,shah ali
3222,vipin  virpal
3223,mohjakir
3224,Kartikeya Subramanyam
3225,ajay singhsonu
3226,ram varaksh chaoudhary
3227,Aaditey
3228,monu agrwal
3229,amit prasar
3230,Padmapani
3231,Chitragupta
3232,numesh kumar
3233,vinit kumarbanty
3234,dataterya devi dass jadhav
3235,lokesh
3236,Purumitra
3237,ravish
3238,netrapal
3239,ram bhrose
3240,Neelabh
3241,aashik ajiz
3242,ravi ram
3243,Anjal
3244,Bankimchandra
3245,Manuraj
3246,heera singh
3247,imran
3248,shailender
3249,amitgolu
3250,Gangadhar
3251,sitender singh bedi
3252,ram singh negi
3253,ameer divan
3254,mukesh kumar echra
3255,Shrey
3256,dinesh ravidashbullu
3257,leela ram
3258,Svanik
3259,saif aliraza
3260,Vidyadhar
3261,mohabbat ali
3262,amin urf baba
3263,mansharam
3264,pulkit
3265,Apoorva / Apurva
3266,Rajal
3267,kunj bihari
3268,mahbir parsad
3269,aditya
3270,Chittesh
3271,man mohan
3272,naved
3273,mahesh meena
3274,Nabhomani
3275,parveen sha
3276,arshad ali
3277,adalat
3278,ramkishan gupta
3279,suresh thakur
3280,mohd jahoor
3281,satyam
3282,subhash nimbolkar
3283,bhorelal
3284,manish maheshwari
3285,shahnawaz shah
3286,yashpal aanand
3287,rishabh kumar
3288,jyoti swroop
3289,Mritul
3290,sanjeev saad
3291,biru ram
3292,riyajudin
3293,saurabh
3294,Shankarshan
3295,rajbir ahlawat
3296,Shakuni
3297,sonam  kanhiya gurjar
3298,sardar pal singh
3299,dhreej
3300,sunil ladkani
3301,Jaswant
3302,madan
3303,Gaurinath
3304,midda
3305,shubham chauhan
3306,raj tilak
3307,Tapas
3308,asfak
3309,Vaikunth
3310,bhupendar singh
3311,Satinath
3312,sh janardhan prasad
3313,chunnu
3314,vude bhadur
3315,sudhir mandal
3316,karishan
3317,Chandrakant
3318,faijal
3319,girdhari
3320,girish chander kapadi
3321,naushad
3322,deepu kumar
3323,aamin
3324,abdul arbaz
3325,sriniwash sarama
3326,Bhavik
3327,gunanidhi
3328,muntajar
3329,javed khan
3330,kesav mehta  bhupender mehta
3331,Sahadev
3332,rahul shrivastav
3333,guddu
3334,santram meena
3335,sheetal prsad
3336,robin master
3337,Shalin
3338,mohd kasim
3339,mukesh agarwal
3340,rahul yadav
3341,aaftab (4 months)
3342,krishana kumar
3343,ravi tiwari
3344,Shivasunu
3345,manjeet kumar
3346,shivyalam
3347,shaid
3348,naveen lal
3349,harichand
3350,ramavtar
3351,puneet jain
3352,manoj kumar khurana
3353,anil balai
3354,samser khan
3355,ganga bishan bairwa
3356,gyanu kumar
3357,etahsaam
3358,harshdeep
3359,Tarosh
3360,Bholanath
3361,Shivesh
3362,Shankdhar
3363,dd suraj kumar
3364,guddu mishra
3365,ankit sharma
3366,pradeep kumar sharmadeepu
3367,khalid khan
3368,sohan singh rana
3369,shri chand
3370,naved noor
3371,Devarsh
3372,bhavishy kumar sharma  uefh  bholu
3373,Naakesh
3374,amar deep
3375,gulshan bhola
3376,akashdabbu
3377,suraj rana
3378,raj pal
3379,Vibhakar
3380,nitinnishu
3381,ranjeet kumar
3382,vrendra singh
3383,ajay tomar
3384,Raja
3385,jacky and amit
3386,sarbjeet mishra
3387,ramnihor nishad
3388,Omkarnath
3389,mohd faraz
3390,Sagar
3391,Srinath
3392,wajuddin
3393,ghurul alam
3394,Vadish
3395,sanjay saini
3396,nirmal kumar
3397,tushar bansal
3398,mustak ahmed
3399,sadod ali
3400,alok kumar thakur
3401,rahuljoni
3402,sanjay jain
3403,Lakshmipati
3404,bablubimal
3405,jaswant giri
3406,Aarnav
3407,mohanlal
3408,manmohan khurana
3409,sakchan
3410,sharukh
3411,Prafulla
3412,shiv ramneppu rai
3413,sachin
3414,divaraj
3415,gauri sahani
3416,sandeep verma
3417,jyoti prakash
3418,Jaikrishna
3419,chaturbhuj
3420,Akshayakeerti
3421,shaubha ram
3422,virendervicky
3423,zahid kuraisi
3424,surenderpale ram
3425,Sanjit
3426,mohd haider
3427,pawan gupta
3428,Vimaladitya
3429,ravikant mahawar
3430,Venkatesh
3431,mohd used
3432,lakshman singh
3433,sachin raghav
3434,Priyanshu
3435,Sadhil
3436,Hrithik
3437,salmaan
3438,Trilok
3439,ravikant
3440,manu bhai
3441,jhawar lal bakshi
3442,gaurav kumarsonu
3443,rakesh
3444,riyasat ali
3445,ankur kumar
3446,laxmikant kaka
3447,mukram
3448,Jinesh
3449,ramsewak
3450,ravi lohni
3451,inayat hussen
3452,anish bansal
3453,rohitsonu
3454,sarad raghuvansi
3455,arvind kumar boyat
3456,mohd almas
3457,sunil kumar jain
3458,sarbjeetronak
3459,atif
3460,harsh dagar
3461,gauri
3462,sarfaraj
3463,rajurajesh
3464,Vimridh
3465,Shiprak
3466,sumer malik
3467,saurav
3468,Sudhakar
3469,vinay vijay
3470,Kayaan
3471,girish kumar
3472,Siddhesh
3473,nabav shekh
3474,aarav
3475,manindermani
3476,rajpal
3477,dinesh kumar sharma
3478,khajan singh
3479,meghashayam  sharma
3480,shamim
3481,bhagwana ram
3482,satya parkash tiwari
3483,gensingh
3484,pallu
3485,Akarsh
3486,Ratri
3487,saahil nautiyal
3488,shakti
3489,Trivikram
3490,Abhishek
3491,ajeet
3492,Devin
3493,dhirender singh ravat
3494,vidyadatt josi
3495,sh ramnarayan
3496,rihaan
3497,Maan
3498,siyaram modi
3499,sawan kumar
3500,Purahan
3501,Neel
3502,rahul drall
3503,Lalitaditya
3504,rustam
3505,Sasheal
3506,mukesh chaudhry
3507,chhantu dass
3508,manish kumar  sharma
3509,yogeshpongu
3510,panchhi ramji
3511,harpreet yadav
3512,mohit chauhan
3513,sandeep saini
3514,Unnatish
3515,babram
3516,raj kumar  (chotu)
3517,Chintan
3518,kishan chand joshi
3519,rauf mohammad
3520,vipin pandey
3521,taushif
3522,ranjan rawat
3523,rajesh sharma
3524,Amay
3525,noor ahmed
3526,mohan dagar
3527,dhruv kumar
3528,Tathagat
3529,Akhilesh
3530,rajvir
3531,nidhi
3532,sahajaha
3533,bimlesh
3534,vilram
3535,Sahen
3536,Vasudev
3537,jaspal
3538,vikash kumar keshari
3539,mohd saheed
3540,Chandresh
3541,wali hadar
3542,narendra  singh
3543,Pramath
3544,hardass
3545,Mohanish
3546,rabpreet singh
3547,sunil kumarbunty
3548,varun anand
3549,Nimit
3550,sahil khandelwal
3551,rinki
3552,Kripasagar
3553,jahir ahmad
3554,kisori lal
3555,ranjeet singh
3556,gautam kumar
3557,Sambha
3558,manoj kaushik
3559,shi girdhari
3560,Nilay
3561,sabana khatoon
3562,Jalavirya
3563,mohd khalid mohd harish
3564,kalyan datt sharma
3565,Akshya
3566,sadhna
3567,faisal
3568,Sachish
3569,pervez aalam
3570,pramood
3571,prashant lakhera
3572,rajat sarma
3573,nar singh
3574,sanjeev ratan
3575,mahinudin
3576,sanjay kotari & wife dimple
3577,tilakram
3578,sandeep negi
3579,mohit agnihothri
3580,deepaksameki
3581,Nandapal
3582,Vajrin
3583,devraj
3584,Sushil
3585,vishal kumarharit kumar
3586,saroj
3587,shayam lal
3588,imran khureshi
3589,ghanshyam giri
3590,jaskirat singh golfi
3591,Sindhu
3592,mohit yadav
3593,suresh kumar jain
3594,Seshvar
3595,mohd sajad ali
3596,hament
3597,pinkooguddu
3598,Srihith
3599,vishnu
3600,bhudev presad
3601,Samarthya
3602,Nridev
3603,dishant kumar nigam
3604,fakrrudeen
3605,ravinderbacchi
3606,rakesh panday
3607,Sajiva
3608,jagnath murmu
3609,pritam
3610,sarves
3611,shahwaj
3612,dhrambir
3613,Karunesh
3614,Aryan
3615,Samranpal
3616,irsad khan
3617,rajveer
3618,ajay chand
3619,bhagwan singh meena
3620,kaushal kumar
3621,suneel kumar
3622,rohit rawat
3623,abdul salam
3624,Dhyanam
3625,manoish
3626,Paramartha
3627,sanjeev shekhar
3628,harish kumar pandey
3629,Mahabali
3630,vijay bahadur
3631,mho javed
3632,navneet giri
3633,sedarath
3634,bannu
3635,kapil jhakhar
3636,susmata dass
3637,rustam shah
3638,tarun yadav
3639,sumant chintu
3640,baldev singh
3641,Paramjit
3642,punit yadav
3643,omi
3644,gutam
3645,Chakradhar
3646,rajendra singh
3647,shree pal
3648,bhola yadav
3649,Sagun
3650,ramgopal singh
3651,Shantiv
3652,kunal kumar
3653,Panav
3654,mahadev parshad
3655,Bhrigu
3656,reena
3657,yusuf
3658,Akav
3659,saroz
3660,Arni
3661,titudevender
3662,vijay rath0r
3663,vijay nepali
3664,Ratnesh
3665,manesh chadda
3666,devender
3667,akshay pahwa
3668,neeraj kalra
3669,ghansyam kuswah
3670,bajinder
3671,Lakshminarayan
3672,subhash rampal
3673,tavrej
3674,vinit gupta
3675,Kalicharan
3676,Shoubhit
3677,manoharmannu
3678,kanhiya sukla
3679,viney
3680,saidul
3681,gafur
3682,abhishak
3683,mahesh chand gupta
3684,samir hasan
3685,amardeep
3686,ram chandra mishra
3687,dhisa ram
3688,ujjair
3689,ashish vajpay
3690,govind prasad shahu
3691,Suday
3692,Lohith
3693,Nandi
3694,bhagvaan singh
3695,aslam baks
3696,arjun singh
3697,parvesh kumar
3698,Tridev
3699,narendernarender bagdi
3700,souravsumit
3701,rajannazibula khan
3702,Dwijendra/Dwijesh
3703,ashu rehman
3704,iswar sharan
3705,rithik ravinderanmonu
3706,mohan lal saini
3707,Sakal
3708,Saprathas
3709,ravirinkku
3710,sameem ahmed
3711,Kanhai
3712,ram veer
3713,Nimish
3714,mukesh singh
3715,Nabhaka
3716,trilock chand
3717,vikash gaud
3718,haliya charpota
3719,israil
3720,laxman rai
3721,akram
3722,ishwar singh aggarwal
3723,premsingh
3724,Tuvidyumna
3725,laxmi narayan
3726,radha raman
3727,sushil sharma
3728,devasheeh
3729,raman
3730,rohitnikki
3731,rajuddin
3732,usman khanbabloo
3733,kamlesh kumar
3734,Shritan
3735,Nishchal
3736,jitender rajak
3737,Nishok
3738,inder dutt
3739,Amin
3740,pransis kallu
3741,Sahodar
3742,saurabh ujjwal
3743,pahalwan singh
3744,amit kalarajuganu
3745,santramsantu
3746,mukesh banjara
3747,irfanbhola
3748,Ajmil
3749,gaurav sethi
3750,akhlaq ahmad
3751,vipul sharma
3752,kishore dutt
3753,vijay shing
3754,Dharuna
3755,rame singh
3756,satish chand
3757,dharmender singh rawat
3758,durg parsad dikshit
3759,kayamuddin
3760,Nripesh
3761,Vittesh
3762,dharam pal
3763,vijay  banshwal
3764,hardik yadav
3765,chote khan
3766,sidheswar
3767,bhhatu
3768,Nirav
3769,yogesh kumar dhunna
3770,amar singh mahar
3771,paramjeet
3772,attar singh
3773,gordhanlal
3774,raju  sonker
3775,gopal lal
3776,subham krishna
3777,shashi bhusan
3778,Sarthak
3779,dharmraj
3780,upender singh
3781,mohd javed sideki
3782,manojkumar
3783,sunder paal
3784,tarachandpappu
3785,malkeet
3786,modh yakum
3787,syamsunder
3788,Gaman
3789,rantesh
3790,nannu ram
3791,sitaram pal
3792,sunil kimar
3793,Vishvas
3794,Pushpaketu
3795,badri prsad mishra
3796,Swastik
3797,jaswant singh
3798,aayush kashyap
3799,satyender
3800,shyoram avatar
3801,manoj sharma
3802,nwed
3803,Gangesh
3804,praveen
3805,shrawandisko
3806,Dikshil
3807,Narendranath
3808,Sarana
3809,sharda rao
3810,riyazuddin
3811,raja muttu
3812,pramjeet
3813,mohd farvej sha
3814,abdul hakim
3815,Dharmavira
3816,Vrajalal
3817,ramesh
3818,rohit gulati
3819,ravi parkash solanki
3820,inder mahipal arya
3821,Sanja
3822,radhey shyam
3823,Shankhin
3824,haseem
3825,yogendra kumar
3826,gotam kumar
3827,anurag
3828,khairti lal
3829,Rishvanjas
3830,maheshmahsu
3831,Shrimat
3832,Vijayesh
3833,Uduraj
3834,chander shekhar
3835,sonali
3836,Ganesh
3837,jeet ram
3838,somesh
3839,Achintya
3840,sanjay
3841,shambhu
3842,Jaidev
3843,kamal
3844,Gandharva
3845,raveena khaton
3846,birajbhushan
3847,mukeemuddin
3848,mahveer singh
3849,ramsem
3850,sabir hussain
3851,Shashin
3852,Subramaniam
3853,raja ravidas
3854,hariesh
3855,om pal
3856,babuddin
3857,ram chander jha
3858,abdulla
3859,surajkukku
3860,anantram
3861,Varadraj
3862,ramdin
3863,Periyakaruppan
3864,suresh kumarshashi
3865,seeta devi
3866,swami nath
3867,ram sanjeevan
3868,gurcharan singh
3869,sandeep  kummer
3870,farukh
3871,Naresh
3872,kiran or vikram
3873,amrjeet
3874,muskan varma
3875,mohd yasin
3876,amit sharma
3877,Kapidhwaj
3878,Amish
3879,anoop singh
3880,rajesh
3881,Balamani
3882,rinkarinku rathour   naresh kumar   66 ha
3883,sanat patra
3884,vishal
3885,Gurjas
3886,Jaikirti
3887,sarad chaubay
3888,Harishankar
3889,Trisanu
3890,Upanshu
3891,taiyab khan
3892,Devanand
3893,manishtutu
3894,Svaminath
3895,Rohit
3896,kumari sona
3897,sonusorabh
3898,vivekanand gupta
3899,pramod mahashay
3900,ashutosh seth
3901,arvindsunil
3902,ashok pal
3903,Chandraprakash
3904,mohsin khan
3905,kushal
3906,Soneesh
3907,nathu
3908,karan bajaj
3909,bhasker nath tiwari
3910,sri kant
3911,akram hussain
3912,dharampal
3913,alok tiwari
3914,busness gupta
3915,Anish
3916,vinod ahuja
3917,Vidur
3918,animesh kumar suman
3919,rajeev kumarsandeep
3920,sawrn singh
3921,subham
3922,rohan kapoor
3923,Sachetan
3924,sunil chauhan
3925,mayank chaudharyrahul
3926,jitenderjita
3927,manish sasodiya
3928,Prakhar
3929,vidit tyagi
3930,bhushan sahay
3931,Gautam
3932,javid
3933,rahulvimalesh
3934,santosh mahto
3935,krishan chand arora
3936,jasvinder kaurroji
3937,rambabu
3938,ghisaramamar singh
3939,mansur malik
3940,bablu mishra
3941,menpal
3942,nitin neeraj
3943,sita saran
3944,abhayjiddi
3945,ram narayan meena
3946,manohar
3947,Ved
3948,shaboob
3949,bhagwan singh
3950,shiv kant
3951,Girijanandan
3952,Avichal
3953,vishanu
3954,ram dutt
3955,shiv mangal rai
3956,parmod   ganga shran
3957,raghuveer
3958,arbaj
3959,sardar gurmeet singh chauhan
3960,haneef
3961,ramu
3962,ashwaniarjun
3963,ajit yadav
3964,Rishi
3965,manav
3966,birajpal singh
3967,damodar prasad
3968,deendyal
3969,suraj manda
3970,brijpal
3971,sunil yadav
3972,navnit garg
3973,puskar singh
3974,Sindhunath
3975,harbir  singh
3976,montymonu
3977,gulshan sehrawat
3978,tunni lal
3979,"Rajaneesh, Rajnish"
3980,dinesh katara
3981,hardeep singh
3982,mool chnad
3983,sambhu paswan
3984,pancham
3985,shanshak sharma
3986,Satkart
3987,ezaz  ahmed
3988,son pal sonu kumar
3989,vinos kumar
3990,dhani dass
3991,sabeer
3992,shubham thapa
3993,Gaganavihaaree
3994,satyvrat
3995,Hrithikesh
3996,lokesh manchanda
3997,shekher
3998,vansh
3999,harish uniyal
4000,aman bharat
4001,Jayant
4002,Shyamak
4003,Jitendra
4004,Vikram
4005,mahender lal
4006,Tatva
4007,satya sunder pauigrali
4008,ravi kant
4009,sagar goswami
4010,vichitra sharma
4011,Patoj
4012,Dasharath
4013,nawab
4014,jitender yadav
4015,bhajandeep singh
4016,kokil berman
4017,parveenpunit
4018,sanny  ram shanker
4019,prakash meena
4020,lawrence s
4021,sanjay bansal
4022,mohd chand babu
4023,gopi chand jain
4024,Siddid
4025,swapam som
4026,mohan singh tyagi
4027,moh iqbal
4028,navin kumar gutam
4029,anikesh
4030,gurmeet sharma
4031,koushik dutta
4032,jagdish lal
4033,sunder lal mongia
4034,Shikhar
4035,Sairam
4036,Kathit
4037,Prateek
4038,shankar parsad shah
4039,Gaurav
4040,satya narayan bacchan
4041,rajat gupta
4042,Ratish
4043,Hansraj
4044,Srinikesh
4045,sushail singh
4046,Amogh
4047,lalu
4048,laxmi chand
4049,Rutva
4050,ahmed hasan
4051,rahul vijay
4052,shankar malhotra
4053,panna lalsumit
4054,ashishaashu
4055,arjun singhshubham
4056,basant kumar
4057,Mrinal
4058,Shaik
4059,dollyrekha  monto shah
4060,shyam sundra
4061,durgashankar
4062,sahab singh
4063,bhajanlal
4064,Vrajraj
4065,abdul kadir
4066,Bhupal
4067,guddu singh
4068,aazad
4069,khalid
4070,kamal kishore
4071,fanni bhusan shina
4072,shri  rajesh kumar
4073,bhavesh
4074,sakibnadir
4075,arbaz
4076,ram aashrebablu
4077,virender vermabindu
4078,sudeshwer
4079,Shaktik
4080,Minesh
4081,Pratosh
4082,jat ram
4083,jiya lal
4084,dular mohd
4085,Om
4086,Deenbabdhu
4087,satveer
4088,vikram singh
4089,Maulik
4090,Sarvavas
4091,avadh bihari
4092,satbir
4093,tanuj kandpal
4094,ram das gupta
4095,jag mohan
4096,vinay
4097,sunil
4098,babar ali khan
4099,banty
4100,raj ram
4101,Arjun
4102,kishor ahuja
4103,khursid alam
4104,Gulab
4105,aaftab alam
4106,sh amar singh
4107,Rituraj
4108,sanchit gupta
4109,jaipal singh
4110,nareshpal
4111,akash malik
4112,nanhe khan
4113,manish chabra
4114,yusaf
4115,surindera rajpal
4116,Narendra
4117,bablu
4118,Vatsal
4119,Vishatan
4120,sangita
4121,roopnarayan
4122,samit  ltgulab singh
4123,kunda swami
4124,sheru khan
4125,pratul chatarjee
4126,aaditya yadav
4127,kashi nath singh
4128,gulam  nabi azad
4129,sourav
4130,sujit kumar jha
4131,Suram
4132,amit mohan jha
4133,prittam dass
4134,mohad islam
4135,Trijal
4136,Shashi
4137,jahgeer
4138,satyanarayan lohar
4139,vinit verma
4140,Suryadev
4141,mohit chouhan
4142,Taj
4143,raju mahto
4144,akhalak
4145,mohd kamaal
4146,navneet
4147,shivnath
4148,Udbal
4149,Sashanth
4150,vasuki thakur
4151,aman puri
4152,Kirit
4153,naresh semwal
4154,Nandan
4155,farku pujar
4156,tilak raj
4157,sumit sah
4158,taar babu
4159,saizad
4160,ram dhar
4161,rohit jain
4162,Vidhesh
4163,manish malhotra
4164,chetna
4165,kanhaya
4166,kapil jakhad
4167,Syon
4168,Shreyank
4169,atul kumarrahul
4170,jatin kumarjeetu
4171,rakesh arora
4172,mahaveer gurjar
4173,rajkumarm
4174,saleem qureshi
4175,sandeep sharma
4176,Kusagra
4177,omparsad
4178,Vishal
4179,Subhadr
4180,manoj jha
4181,Vineeth
4182,khurshid sidhiki
4183,najubai nayak 25 years
4184,Neelotpal
4185,tufail
4186,Rakesh
4187,swami nathan
4188,gaurav raj
4189,ashok kumar dalal
4190,mehinder
4191,ranjay pandit
4192,chhotelal
4193,om beer singh
4194,Shrinand
4195,soorajbakhu
4196,Kunjabehari
4197,devindra singh
4198,anoop rawat
4199,Kuchela
4200,gheesa singh
4201,ravi kumar ojha
4202,azim
4203,Rajendra
4204,nitish negi
4205,Adi
4206,ravindra jindwal
4207,netram yadav
4208,bittu paswan
4209,naresh sabarwal
4210,Taradhish
4211,jagdish nayak
4212,punit khandelwal
4213,tunni lal jaiswal
4214,parmod kumar
4215,versha
4216,lal metho
4217,mehboob mehandi
4218,satpal chauhan
4219,Sriram
4220,virender
4221,rajider singh
4222,Kavana
4223,varun jangra
4224,jatinsonu
4225,urendra gupta
4226,dukhi ram sharma
4227,veer bhan singh
4228,kamal kant chouhan
4229,Thavanesh
4230,gurdarshan singh
4231,rohil
4232,surendar
4233,braj kumar
4234,parth
4235,Prannath
4236,zanmi
4237,praveenpuran
4238,Yogi
4239,Harikiran
4240,Divyanshu
4241,raj kumar meena
4242,Ashirvad
4243,Ranadhira
4244,Samidh
4245,deepudeepak
4246,mustafa
4247,mohd gaffar
4248,Bhupen
4249,nitin parkash
4250,sandeep
4251,tilk raj
4252,poshetty gajjala
4253,kamal kishor saini
4254,rahul roy
4255,bhudhashen
4256,roop chandmamu
4257,Abhijith
4258,aejaz khan
4259,digamber yadav
4260,vinod kumar
4261,rizwan
4262,vikram dubey
4263,Rustam
4264,neelajan sen
4265,ct shyam lal
4266,ganesh lal
4267,Vansidhar
4268,ashok kumar   la jeet
4269,shivram
4270,momin kureshi
4271,chitprit singh
4272,najimuddin
4273,arjun ram
4274,ajay sharmasonu
4275,buntychandan
4276,mukesh chaudhary
4277,jitendra
4278,Pavankumar
4279,shivbhagvan
4280,Yashwant
4281,mr
4282,Yachika
4283,krishan kumar
4284,sauhal
4285,manjeetmanish
4286,nayan saikh
4287,ankitlala
4288,om prakash tyagi
4289,prateek bhaskar
4290,tarjan
4291,udit kumarpingu
4292,gaurav malik
4293,harsh vardhan sharma
4294,Vidvan
4295,gaurav shankar
4296,sarita
4297,vishnu kumawat
4298,parjinder singh
4299,Sannath
4300,vishu
4301,Samarendra
4302,haji mohmmad
4303,akilsonu
4304,Meghraj
4305,shaitan
4306,subhodh
4307,salin malhotra
4308,harvinder kala ravinder
4309,mustkeem ali
4310,shri manoj
4311,aashu
4312,dulal
4313,manjeet singh
4314,ganesh jha
4315,Sarish
4316,Megraj
4317,firoj
4318,jitender kumar jha
4319,sahadeb bhuniya
4320,Soni
4321,manoj kumar jawalaprasad
4322,ilyas
4323,vinod arora
4324,dinesh kumar sawami
4325,hosiyarilal saini
4326,Nirmay
4327,Gangaadhar
4328,akshay
4329,Chakshan
4330,Marudeva
4331,dara singh
4332,gouri shankar
4333,abhishek mishra
4334,Raz
4335,handu
4336,Singh
4337,vishal anand
4338,Yadavendra
4339,nathani mandal
4340,Ankit
4341,vivek urfh navin
4342,gonsan topno
4343,Nirish
4344,rajeev kumar
4345,daya anand
4346,bhawani shankar
4347,pooran chand sharma
4348,mathura singh
4349,Nand
4350,nasiar khan
4351,oli ahmad
4352,suraj bahadur
4353,bablu saini
4354,Kashinath
4355,ravikant sharma
4356,avinash kumar
4357,Shiveshvar
4358,noor islam
4359,shokat
4360,laxminarain
4361,prahlad sharma
4362,manish garg
4363,ankur baliyan
4364,lalit kathuriya
4365,kashmir singh
4366,surender kumar yadavkaku
4367,altaf ahmed
4368,Sakshum
4369,anus
4370,bhani ram
4371,Ragin
4372,sahdev mishra
4373,Ujendra
4374,harsh sharmagoldy
4375,amrudin
4376,Puskara
4377,pankaj mehra
4378,vasim khan
4379,Shivanand
4380,prem nath
4381,shafi mohd
4382,Sudhanshu
4383,harpreet singh bedihappy
4384,Appu
4385,joy amal
4386,Adarsh
4387,ravi panday
4388,Hiten
4389,bhajju ram
4390,Sanchay
4391,netram
4392,mukhtiyar
4393,balwant
4394,jairam singh
4395,devki nandan
4396,deewan singh
4397,Amarjeet
4398,mithlesh kumar
4399,Tunganath
4400,aru
4401,ali
4402,imtiaz ali
4403,ankit khatri
4404,jasvinder singh kawal jeet kaur (wife 35 yrs) an
4405,ram nath choudhary
4406,Vilas
4407,manoj radhe krishan
4408,jatin  raina
4409,shayam kishor singh
4410,chhitar lal
4411,mahesh pal
4412,rafi
4413,suman chaudhary
4414,jaideep
4415,Naishadh
4416,avnish kumar kallu
4417,parathvi raj
4418,shanbhu dutt
4419,Puru
4420,Nikhil
4421,sheikh hamidral
4422,rakeshchand
4423,Vrajkishore
4424,Umesh
4425,rohitash keer
4426,Niramitra
4427,shahnawaz
4428,ghanshyam kushwah
4429,sahlesh kumar
4430,dharmender
4431,faizal hussain
4432,monu gambhir
4433,aftab
4434,Padmanabha
4435,Gajkaran
4436,prameshwar
4437,rajaram nayak
4438,nathu lal sankhla
4439,dilip
4440,hardev
4441,Prajin
4442,ram kishore
4443,sharib
4444,shobhit prsad
4445,rakesh kumar garg
4446,keshar ansari
4447,Sivanesh
4448,bherav dutt
4449,dinesh
4450,ritesh
4451,amin kumar
4452,harkesh
4453,karan gulyani
4454,shakar
4455,shan mohamad
4456,jugal kishor chouhan
4457,vijay pal
4458,gautam rehan
4459,urmila
4460,rajbir
4461,rehan
4462,sube singh
4463,amit parasar
4464,pankaj taren
4465,Kanishk
4466,silender
4467,ashshwer parsad
4468,abhay
4469,Ghanendra
4470,Gunjal
4471,badri lal
4472,shiv kumar
4473,golu
4474,amit kumar verma
4475,Teerth
4476,Dyaus
4477,Shrisha
4478,tushar
4479,Shyamantak
4480,Jaldhar
4481,dilip singh
4482,joni
4483,bidur mahat
4484,Mangesh
4485,nooralam
4486,Yatnesh
4487,nabi bhura
4488,manish
4489,dalip shah
4490,salesh girsa
4491,jedu
4492,nafe singh
4493,vikarm singh
4494,Sammud
4495,ram awtar
4496,aditi
4497,jitesh agarwal
4498,Amalendu
4499,harikishan
4500,Alop
4501,angad kumar
4502,kmles kumar
4503,Padmaj
4504,ramveer
4505,gafuradrim teli
4506,Ambikapathi
4507,vinit katariya
4508,sonu saksena
4509,mohd  javed
4510,Kiash
4511,dipanshu soni
4512,Yash
4513,prhalad kumar
4514,shri parkesh
4515,raj bahadur
4516,mohd ladlamohd kaif
4517,Jatin
4518,mohd kaim
4519,nirmal yadav
4520,nagender
4521,ramesh megwal
4522,aamir
4523,hare chatiyan
4524,paramveer urf chintu
4525,gruchran singh
4526,anokha kumar misra
4527,sonu gupta
4528,safiqshanawaj
4529,Raman
4530,Kavish
4531,Raghavendra
4532,heera lal
4533,rambhul
4534,harpal singh
4535,akansh anand
4536,Ghanashyam
4537,sanjeev kumar jha
4538,rakshit garg
4539,mahraj
4540,rohit gupta
4541,krishana
4542,shahnawajsanu
4543,shivlal
4544,Sohum
4545,bhavisaya rai choudhry
4546,insaf ali
4547,ramchandra parsad kurmi
4548,himmat singh
4549,taj mohd
4550,kanwar saini
4551,chander singh
4552,charan jeet singh
4553,manmeet singh saini
4554,rajiv bagoriya
4555,Neelkanth
4556,manoj yadavmanoj
4557,permeshwar parsad
4558,Rashmi
4559,sajid hussen
4560,sohaib
4561,ashish gupta
4562,omprakash pandit
4563,Atharvan
4564,taufik
4565,Manvir
4566,sehjan
4567,suresh
4568,Vrisag
4569,samay singh
4570,omeshkumar urf raju meena
4571,ajaypal
4572,Prina
4573,aajiv
4574,kailash chandra
4575,Virbhanu
4576,sehbaj khan
4577,mohamad awar
4578,asif dilkar alam
4579,amot
4580,yameen
4581,abhishiek swami
4582,Balashankar
4583,Sookraj
4584,rayish
4585,Ravindranath
4586,samadhan
4587,prmod paswan
4588,Sutantu
4589,rajender kumar dheer
4590,gaurav sharma
4591,harish chand joshi
4592,Nilaksh
4593,hasansahil
4594,Jeevan
4595,lal babu prasad
4596,chhidu ali
4597,sahnawaz
4598,nasirlala bhai
4599,pintu saini
4600,Giridhar
4601,sahil alam
4602,Abhiraj
4603,tanmay
4604,deepakrahul saxena
4605,vedprakash
4606,mohd hasnain
4607,warish
4608,som
4609,hanny
4610,Sahavan
4611,kapil
4612,laxman bhadur
4613,sridwrikaprasad
4614,hukma ram
4615,rolly kumar
4616,atul misra
4617,Sagurik
4618,ram kuamr
4619,shree tulsi ram
4620,shri  aladeen
4621,Kanhaiya
4622,kayum ali
4623,mohd akhtar hussain
4624,brijnandan mehato
4625,Kripanidhi
4626,Pratyus
4627,manoj kumar agarwal
4628,mohd shahid
4629,mho zuber
4630,Angada
4631,Kamalakar
4632,akhtar
4633,krishan dass
4634,shyan bahadur
4635,krishan
4636,neeraj sharma
4637,anjani kumar
4638,kaptan singh
4639,sachi chauhan
4640,Anoop / Anup
4641,Neelambar
4642,baldev raj
4643,rinku pal
4644,Ankush
4645,ballu
4646,durgalal khateek
4647,arun yadav
4648,naim
4649,Paritosh
4650,rahulvijay
4651,Ishranth
4652,abdul hassan
4653,brajendra singh
4654,Sabhajit
4655,sadur rahman
4656,sanjeev kumar gupta
4657,Shashishekhar
4658,dilip kumar tanwar
4659,umashankar prajapatti
4660,ram khiladi
4661,ashu
4662,Saravana
4663,kamlesh urf jula
4664,puran chand
4665,hazi abdul samad
4666,santosh pandey
4667,rajubudh bahadur
4668,ashok kenoor
4669,Subhradip
4670,Uchit
4671,afridi
4672,Byju
4673,tool bahadur
4674,kamleshwar kumar
4675,satish kumar
4676,durgpal
4677,Lalitesh
4678,hisamuddin
4679,Sharad
4680,akhilesh yadav
4681,Akshobhya
4682,Vitola
4683,trlokchand
4684,Bhavesh
4685,aagad
4686,arvind mishra
4687,tohid
4688,kumar pal
4689,sangram singh
4690,devesh sharma
4691,desh raj
4692,sameeruddin
4693,preet kumar
4694,suresh umar jain
4695,suresh chand chakarwati
4696,Jayaprakash
4697,neeraj singh
4698,mangta
4699,deepak dhanpal
4700,shiv achariy
4701,nashim
4702,selva raj
4703,Barindra
4704,faizal
4705,prasant kumar
4706,aasif khan
4707,sahabbudin
4708,vikash seni
4709,kishor yadav
4710,girraj
4711,mohammad afjal
4712,shyamveer
4713,Lord Shiva
4714,Tarakeshwar
4715,aditya vikram
4716,soban singh rawat
4717,deep
4718,rohit arora
4719,dharm singh
4720,shankar kalu
4721,Mahabala
4722,gurmeet singh
4723,karan sabharwal
4724,sudesh kumar
4725,Chintav
4726,rajesh agarwal
4727,bodh raj kala
4728,aman deep
4729,aijay jaiswal
4730,dulal haldhar
4731,sahid
4732,lakhraj
4733,Radhesh
4734,Shalang
4735,devender singh
4736,pardeep goyal
4737,vikas  akhilesh
4738,naveen singh
4739,Sharat
4740,makhan singh
4741,gaurav rawat
4742,Keyan
4743,Devrity
4744,Gangol
4745,guddu paswan
4746,Maharanth
4747,dular
4748,lehru lal
4749,ajit kumar
4750,Garjan
4751,Satkartar
4752,goldy
4753,madan kumar
4754,gya parsad
4755,alok kumar
4756,bhupendra singh
4757,avnish
4758,Dinpal
4759,swedesh mahaldar
4760,mohd zaid
4761,omprakash
4762,umardeen
4763,hera lal
4764,Avish
4765,Manjeet
4766,Ananyo
4767,arnabjit mukherji
4768,Ateet
4769,mohit lakra
4770,abhisek
4771,Shivshekhar
4772,Renit
4773,chakra bahadur
4774,dhiraj panday
4775,sidh lal
4776,vinod kumar jain
4777,bhagwat laxman rany
4778,yash sharma
4779,gyarsi lal
4780,Baldev
4781,hema hari pago
4782,mahender pal
4783,tara dutt suyal
4784,naveen sharma
4785,lakhvinder singh
4786,Nandakumar
4787,surjit singh
4788,Aviraj
4789,parmod tiwari
4790,sufian
4791,mohit brig
4792,harsh singh bisht
4793,abdul rajik
4794,azaruddin
4795,badrudeen
4796,nikhil kr sharma
4797,mohammad ali imam
4798,Shreedhar
4799,arun joshi
4800,punnet
4801,moshad ali
4802,raghubir singh fauji
4803,ram anuj kumar
4804,Sahar
4805,Madan
4806,mayank sharma
4807,Sanatan
4808,dund kishan
4809,sadhu yadav
4810,sehin
4811,mohd tausif
4812,sonia
4813,Aadhidev
4814,Vishnahpu
4815,ali mohamad
4816,riyasat
4817,meghanath suwedi
4818,Renjith
4819,girraj nath
4820,lord
4821,shrimati seema
4822,hanif
4823,rohit sharma
4824,sanjay gomes
4825,mohd salmaan
4826,Sanurag
4827,Vibhu
4828,vikrant
4829,allaraji
4830,neerajneetu
4831,rupan singh
4832,suraj rathi
4833,ashok kumarjain
4834,dharmveer
4835,kishor
4836,pardeep kumar
4837,mahendra singh
4838,deewan
4839,pawanpintu
4840,brijesh
4841,Madanmohan
4842,Purushottam
4843,harish
4844,priyansu jain
4845,nadir
4846,shashid khan
4847,imsaan
4848,vikram singh bisht
4849,sukhram
4850,murad husain
4851,Pavanaj
4852,Sameep
4853,shiv pal
4854,anand singh mehra
4855,emran kha
4856,amrit patel
4857,rahil
4858,harkesh kumar
4859,Shushil
4860,gaurav sukla
4861,rekha
4862,Tarkeshwar
4863,manish ahuja
4864,sanchit mittal
4865,sanjeev bhardwaj
4866,bishan
4867,narsa ram mghwal
4868,Amitosh
4869,Jaysukh
4870,mohd akhtar
4871,Rasik
4872,vinodbabloo
4873,soyab
4874,muhammad
4875,birgesh kumar gupta
4876,nand lal meena
4877,Anvay
4878,Janith
4879,Dwarkadhish
4880,amit kumarkalu
4881,ashok jain
4882,Rahul
4883,shahid kha
4884,vaibav gupta
4885,Vipin
4886,jamil
4887,nimesh narwani
4888,Jyotiranjan
4889,ankesh tiwari
4890,Hrishikesh
4891,rudra narayan urf sonu
4892,Shrujan
4893,om prakash urf uma
4894,Rithik
4895,dhirajdhirendar
4896,hoti lal
4897,Shan
4898,bikram
4899,sukhdev singh
4900,sugar singh
4901,anil chadda
4902,sakir ali
4903,harender
4904,jalwad hushen
4905,deepakpankaj
4906,pramod paswan
4907,rakesh khatik
4908,surajbhan
4909,sagartakla
4910,rajurajkumar
4911,minder kumar
4912,vazid
4913,kamaljeet singh
4914,aamod & pramod
4915,Shankar
4916,Mahish
4917,shelesh
4918,babulal sharma
4919,ashok kumar 
4920,Yamal
4921,chet ram  ram chander
4922,ravinder arun
4923,abhinav chaudhary
4924,pankaj lal kumar
4925,Yudhisthir
4926,hukum chand
4927,sanjeet kumar
4928,aashish kumar
4929,Ravinandan
4930,Rushil
4931,shri kistur chand jat
4932,job pulikotin
4933,moh arif
4934,Yashodhan
4935,sumoranjam
4936,dev kumar singh
4937,narbir
4938,surender kumar singh
4939,mukesh mewara
4940,bhajan lal
4941,bablu jagdish
4942,Satayu
4943,mo sarif
4944,shambhu lal
4945,chatar pal
4946,Ashumu
4947,shajid
4948,hari singh
4949,insaf alimulla
4950,Viresh
4951,piyush mehto
4952,naulesh
4953,faizal khan
4954,Sarbesh
4955,dharmveerdharma
4956,Sasmit
4957,Svamin
4958,mohd shahdab
4959,satish kumar aggarwal
4960,jagdeep singh
4961,akram ali
4962,jasbir singhbilla
4963,sidhant tomar
4964,arsh
4965,karmveer
4966,raman kumar
4967,dhanna lal
4968,manjar alam
4969,Kauthuk
4970,ankit tiwari
4971,sandeep kumar
4972,mantu
4973,pushpa devi
4974,bhagvati parsad
4975,bansi lal
4976,jisaan
4977,sh  santosh choudhary
4978,Pradhi
4979,khushal mani
4980,Hiran
4981,vivek paswan
4982,Sathi
4983,arun prakash tiwari
4984,arvindramesh
4985,Shulandhar
4986,pintu
4987,Asi mahali
4988,Nikhilesh
4989,Koundinya
4990,Snehal
4991,Veekshith
4992,Puran
4993,Srijan
4994,deepak prasad
4995,bhag chand
4996,devender singh rawat
4997,rukhsar
4998,sashi
4999,Vanraj
5000,prakash chand
5001,govind
5002,altab
5003,niranjan day
5004,Kalpanath
5005,abdul
5006,puran rai
5007,satendra
5008,sharad kumar
5009,akhil mehta
5010,shyam narain pande
5011,shsi kant
5012,mohd yunus
5013,sachin kumar mittal
5014,shail
5015,brahamprakash  meer singh
5016,ibarhim
5017,anandneeraj
5018,priti
5019,satender
5020,Samalya
5021,ombir singh
5022,ganesh jat
5023,gurupreet singh
5024,Manjunath
5025,teekam
5026,shubham urf sonu
5027,vasimbhoora
5028,munsi ram
5029,Preetish
5030,nirmaljeet singh
5031,Pushpad
5032,aagand
5033,gautam viviek anil
5034,jaspal singh
5035,pappugurmeet
5036,Sayuj
5037,iarfan mohammad
5038,Maneet
5039,Vama
5040,Kusumakar
5041,akbar
5042,Sakaleshwar
5043,dhanraj  sitaram
5044,Jithu
5045,Nihar
5046,santosh singh
5047,ram kishan
5048,shahvaj
5049,Saikiran
5050,ram kishan gola
5051,tulcharam
5052,tarun sharma
5053,Tripurari
5054,sandeep rawat
5055,Hridaynath
5056,Pradeep
5057,gudiya
5058,Uttam
5059,megraaj
5060,nakul gehlot
5061,sh santosh  sh ramavtar
5062,inderpaal singh
5063,nain singh
5064,vishesh
5065,dhramender
5066,parveshpankaj
5067,mohd masoom billa
5068,radheshyam sen
5069,Rushabh
5070,Jaskaran
5071,sagar pal
5072,naresh chaudhary
5073,pulkit sharma
5074,ramdutt
5075,gurlal
5076,ravi kant boity
5077,suraj
5078,sadabrij
5079,sushil
5080,ishwar bansal
5081,gandhi
5082,mohd irfan
5083,parvez
5084,bharat singh
5085,mahender kumar
5086,shiv kumar rai
5087,Vikas
5088,Makarand
5089,dinesh kumar saini
5090,omprakash chamoli
5091,patan dev mehto
5092,youraj
5093,kamal kishor radhey
5094,amarjeet mal
5095,mohammad ishtiaque ahmad
5096,rampaal
5097,barham parkash
5098,sardar kawaljeet singh
5099,abdul samrad
5100,nitin dixit
5101,gopi singh
5102,rijvan
5103,titu
5104,Chidambaram
5105,vijendra singh rajawat
5106,Abhay
5107,mohd salahuddin
5108,deepnarayanrohit
5109,ram chandr sen
5110,Shami
5111,Sahas
5112,Suhas
5113,ashok rai
5114,dilawar
5115,gorav kumar
5116,laukush banti
5117,dhannu
5118,ravidutt
5119,sakal rai
5120,Vairaja
5121,rajesh kumar pal
5122,harsh
5123,abdul samad
5124,Sajiv
5125,Karunakar
5126,rampati
5127,madharam
5128,mohd nafish
5129,dheeraj malik
5130,abhi
5131,Varad
5132,vikky
5133,kush gupta
5134,mohd azad
5135,Shvetank
5136,vikash tomar
5137,sh sardar singh yadav
5138,Ramadut
5139,shiv singh
5140,Ronith
5141,Shant
5142,Chandrahas
5143,dhanraj sharma
5144,kishore yadav
5145,aakashmultan
5146,Ravi
5147,shabi abbas
5148,mohd ahshan
5149,prasant
5150,jimi pal
5151,mani kant
5152,ramotar
5153,Prakruth
5154,vimal dhakar
5155,mujmmil
5156,hari chand
5157,Rusheek
5158,Talin
5159,liveri santam
5160,Shevar
5161,Shashank
5162,utkarsh jha
5163,virat bahadur
5164,satyanara
5165,gursimaran singh
5166,mogli
5167,tushar vats
5168,tanveer
5169,prdeep soni
5170,raghbir
5171,saurab
5172,rohit gill
5173,shivam avwsthi
5174,lakshmi
5175,birbal ram
5176,avid
5177,ankur
5178,arun dabas
5179,pooja
5180,yogesh shukla
5181,satbar
5182,dipak garg
5183,Ambuj
5184,kadir ali
5185,harsh kumar
5186,ramprasadramu
5187,anwar hussain
5188,anmol shukla
5189,mo vahid
5190,vinodraju
5191,asha nand
5192,gulab gameti
5193,chandu paswan
5194,Chirag
5195,sandeepgolu
5196,ankur sharma
5197,ashish chanchal
5198,sombir
5199,gurfaan
5200,vinod dass
5201,kamal jit singh
5202,Nachiketa
5203,kirpa sankar
5204,akhlesh paswan
5205,bhola ram megwal  kana ram
5206,Urvish
5207,abhishek tiwari
5208,mushrraf
5209,dhurve singh
5210,Satrajit
5211,devi saranlala
5212,sathya murti
5213,madan gopal
5214,naresh paswan
5215,satyawan
5216,Sochisth
5217,tinku kumaravinash gupta
5218,prdeep
5219,upendra kumar
5220,amratalal
5221,anurag chander
5222,rohit verma
5223,gangaram
5224,matbar singh
5225,pusgpender
5226,dilip kumar
5227,ravi nayak
5228,Ujval
5229,vaishali vishu
5230,harish chand
5231,mohit gupta  late mahananad
5232,vipul vats
5233,satender kumar
5234,sukhbir singh
5235,rafal singh
5236,shaswat roy
5237,ramchander nuriya
5238,shri sunil gupta
5239,jagbir singh
5240,vijay rai
5241,Anilkumar
5242,Anuj
5243,Sachint
5244,Kanchan
5245,shoab jamal
5246,bhisan ram
5247,santosh kumar
5248,munajir alam
5249,lalit lalu  shambhudayal  rana ki ka kooaa
5250,Vikarnan
5251,Nandish
5252,faroj alam
5253,ayush negi
5254,mahesh kumar yogi
5255,avinsh
5256,chhabil singh
5257,sarabjeet singh
5258,badrulla
5259,Tungesh
5260,Mukul
5261,Shvant
5262,jhagdu rzak
5263,shyam sunder
5264,mohmed kanok
5265,najis
5266,pushpendr
5267,Vakrabhuj
5268,Viswanath
5269,ravi lakra
5270,gandharv mishra
5271,shital
5272,padam chand
5273,abhijit singh
5274,Prabhav
5275,narpendra singh negi
5276,zaheer
5277,Eshwardutt
5278,Vinoo
5279,Ninad
5280,Harilal
5281,puran
5282,saroj patel
5283,baam
5284,prabhjit singh
5285,Padmadhar
5286,bhuri
5287,parmod  kumar
5288,mithlesh sharma
5289,sunil gupta
5290,heeralal sahu
5291,arsad
5292,manjeet
5293,Amalesh
5294,abhishek seervi
5295,Dayanidhi
5296,ram partap singh bhandaree
5297,Nihal
5298,Naagpati
5299,kana ram
5300,Swapan
5301,sh ganpat lal
5302,Durgadas
5303,fahim
5304,jai kumar
5305,laxman dash
5306,Tarkesh
5307,ravindra singh kandari
5308,Urugay
5309,albakshailu
5310,sapan kumar
5311,rakesh soni
5312,rajnesh gupta
5313,satyanarayan darji
5314,jauli
5315,mohamad faruk
5316,harshit jain
5317,sheru
5318,gulabamit
5319,man mohan mehta
5320,Shrenik
5321,rajesh kumat
5322,patav
5323,fazulla
5324,eliyas
5325,pankaj dhiman
5326,Kiaan
5327,Gadaadhar
5328,katwa
5329,manish dimri
5330,suraj kumar
5331,pappu
5332,Naman
5333,khusaboo
5334,dishad
5335,sitaram
5336,sanjay kumarpappu
5337,jarif
5338,Ashmit
5339,ekram
5340,gurbachan singh
5341,ramlakhan
5342,gaurav vishal
5343,milap chand
5344,Kamalnayan
5345,parbhat jha
5346,dhurav goyel
5347,vishal srivastav
5348,farmaan aamin
5349,rajkumar sharjma
5350,ravinder tyagi
5351,Soumil
5352,Shaildhar
5353,anoop kumarchhotu
5354,kundan
5355,kadir
5356,devinder chadda
5357,Samarth
5358,vipan kumar
5359,arvindmilla
5360,ishan
5361,jitu singh
5362,cheete
5363,shiv kumar verma
5364,shyam lal meghawal
5365,Pranay
5366,Mohan
5367,deepanshu
5368,jitender agarwal
5369,manoj gaur
5370,bagwan das
5371,Karnajeet
5372,Kush
5373,sanjeev gautam
5374,Chidanand
5375,Anshu
5376,tirlok joshi
5377,indraj singh
5378,harsh verma
5379,pannu
5380,abhay pratap
5381,amit gargaamin jon
5382,rameshwer
5383,sagan lal chalan
5384,manoj  kumar
5385,daler singh
5386,Daya
5387,Vikramin
5388,raj upadhyay
5389,Pulkit
5390,Indraneel
5391,ashlam miya
5392,Shreyas
5393,usman
5394,sachin chauhan
5395,Mahamati
5396,Nrip
5397,ranbir singh
5398,deva ram
5399,omkar singh
5400,ram swaroop
5401,himanshu sharma
5402,Yamir
5403,sushil pintu
5404,harji
5405,mohd avaz
5406,shabuddin shah
5407,sakil
5408,Pujan
5409,firoz
5410,ashok meena
5411,arunjoni
5412,rashid hussain
5413,suwa lal
5414,munnaravi jaiswal
5415,punit sharma
5416,Shridhar
5417,wakar ahmad
5418,Viraj
5419,tarun kuamr
5420,deepak tiwari
5421,guru lal
5422,balwant singh
5423,Kannan
5424,jitendr
5425,Shantam
5426,Jagad
5427,Sahaman
5428,harish kumar
5429,virendra  singh
5430,vishalhimanshu
5431,anirudh
5432,arvind mali
5433,dhanraj prajapat
5434,mahbub ali
5435,Gajendra
5436,Uresh
5437,Vinochan
5438,arun kundra
5439,Varesh
5440,Shubhay
5441,Saarang
5442,saif ali
5443,Rini
5444,mangelal
5445,ravi kumar batra
5446,tilakraj
5447,babalu sen
5448,Agendra
5449,Timin
5450,vishal ahemad
5451,Dhumal
5452,jasbir singh
5453,joholal soren
5454,ram dayal
5455,afzaj ansari
5456,mohinuddin
5457,mohd afzal
5458,aswin
5459,Sahuri
5460,deerendra singh
5461,nanhey
5462,rajiv shah
5463,Anniruddha
5464,baljinder singhmonu
5465,ramlal nath
5466,deba prasad
5467,gaurav maheshwari
5468,abdul rasheed
5469,bittan mandal
5470,vishnu sharma
5471,mohd arsad
5472,Sayooj
5473,Suryakant
5474,Nidhish
5475,rubal khurana
5476,n kumar
5477,Vikramendra
5478,mookan
5479,ilayat mudda
5480,rahul singh bisht
5481,umesh
5482,mohamad faisal
5483,rehman
5484,Someshwar
5485,irsad
5486,Vivaan
5487,naveen joshi
5488,Rasesh
5489,vipul kumar
5490,Avkash
5491,mohd jafrul
5492,Yajnarup
5493,bishan ram
5494,Chetan
5495,mukeshkala
5496,tinku
5497,ravinder kumar
5498,Priyaranjan
5499,ghan shyam
5500,bachcha ram singh
5501,megharam
5502,sotaj singh
5503,darshan lal sonkar
5504,begraj singh
5505,Tatharaj
5506,ravi yadram
5507,ajay choudhary
5508,Krishna
5509,akkash
5510,ranjan
5511,viresh kumar
5512,mohan sharma
5513,rekhai
5514,mo aasif
5515,Vedanth
5516,savir
5517,Balraj
5518,ramu yadav
5519,rajesh anand
5520,abhishekguddu
5521,anand singh
5522,jamad ali
5523,sobit saini
5524,Santavir
5525,dharma ram
5526,Vipinbehari
5527,manmohan
5528,afzal
5529,vijay shri vastav
5530,mehbob ali
5531,vickey singh
5532,mohd shan
5533,ajay panday
5534,amrit pal singh
5535,Saumit
5536,Vibhavasu
5537,dhamender sharma
5538,Amardeep
5539,Sadiksha
5540,suresh raja
5541,abdul sattar resi
5542,manishmannu
5543,nanni
5544,raspal
5545,jatin kumar
5546,anil kumar yadav
5547,Vikunth
5548,dheeraj
5549,aahim
5550,chetan pandey
5551,amar kumar
5552,jai ram mandal
5553,Kapilashwa
5554,Anagh
5555,mukesh gujjar
5556,preeti
5557,ranju sharma
5558,kamal kala
5559,mohd shakib
5560,Sauri
5561,shreee mahaverr prasad
5562,kashiram
5563,charanjeet singh
5564,sunilanurag
5565,Sahasvat
5566,Varin
5567,mukul
5568,raju
5569,ratul viswas
5570,Vrishabh
5571,srheeram  chimana ram
5572,shahjad khan
5573,bahadur singh
5574,sahi ram
5575,rajender kumar sehgal
5576,dinkar sharma
5577,Satpati
5578,Kardama
5579,wiliyam
5580,jeet pal  jitu
5581,Yaduraj
5582,joydeep singh
5583,kuldeep
5584,sunaina
5585,aashif
5586,vikash malik
5587,panchuram meena
5588,sispal
5589,ateek ahmed
5590,bhanu
5591,Shilang
5592,jai bhagwan
5593,mogan
5594,satendra kumar
5595,Varindra
5596,aakash kumar
5597,naseef
5598,mahesh
5599,sanjay malik
5600,Sanath
5601,liyakat
5602,Srinesh
5603,Jiten
5604,devender yadav  vishav nath yadav
5605,lalit saini
5606,ghanshyamsunder
5607,manish panday
5608,rajuchhotu
5609,Aakarshan
5610,Vadin
5611,bapu lal dangi
5612,Dhatri
5613,vishal bhandari
5614,dilshad
5615,Jalendu
5616,Bhanudas
5617,Anjuman
5618,Pramesh
5619,radheshyam gupta
5620,ram kumar
5621,himanshu sahu
5622,Ishan
5623,Ratinderpal
5624,subhash chand
5625,deepa
5626,laxman
5627,Rithwik
5628,satayanarayan
5629,himmat ram
5630,shyam pal
5631,mobin
5632,ramnihor
5633,manish kandlr
5634,mohd arif
5635,Avnendra
5636,baljeet singh
5637,lavkush
5638,Ameet
5639,shivraj sain
5640,gourav batra
5641,mehboob
5642,kurban
5643,pankaj baisla
5644,Kailash
5645,mohammad ali
5646,Rajat
5647,vishal vaini
5648,Navendu
5649,piyush kalra
5650,Avalok
5651,kali charan sain
5652,awdhesh kumar singh
5653,aashis
5654,Parikshit
5655,hanumanram
5656,ram suresh
5657,pankaj
5658,ram deeta mehto
5659,Sthir
5660,santosh uppadhya
5661,milkhi ram
5662,Ranganath
5663,aanand kumar
5664,vinayak
5665,modh mustafa
5666,Pretvan
5667,ramsurat
5668,phoolo passwan
5669,gopal bhagat
5670,ijhar khangolu
5671,vivekvikki
5672,Naagendra
5673,gulfam
5674,surya kumar saini
5675,Sadavir
5676,Nirmal
5677,Yajnesh
5678,Ranjit
5679,prashanat chabradeepak chabra
5680,shyama
5681,vijay lal
5682,raj kapoor
5683,adil
5684,mohd nihal
5685,Oorjit
5686,vicky
5687,Sauvan
5688,sanjay rana
5689,Avanindra
5690,Matanga
5691,monuarun
5692,Navneeth
5693,gourav
5694,mali ram
5695,satish
5696,patikmonu
5697,manish kumar
5698,ved pal
5699,faimuddin
5700,omkar
5701,manish lamba
5702,Bhoumik
5703,omparkash
5704,Samprati
5705,chander pal
5706,rajeev
5707,mukat singh
5708,sandeep yadav
5709,rghuraj singh
5710,Gurdeep
5711,meera devi
5712,nitish bhardwaj
5713,unknown person
5714,maniram
5715,chander shaker
5716,abhishek bajwan
5717,Piyush
5718,Vighnesh
5719,juhewuddin
5720,Arulsyankar
5721,Nirvan
5722,subrati
5723,Prasanth
5724,hemant narayran yadav
5725,sarwan kumar
5726,bhagipuri
5727,Uddiran
5728,Aadhishankar
5729,Sarvad
5730,amir khan
5731,rajesh mandal
5732,rajat kumar
5733,hritik methews  rainlad methews
5734,Saras
5735,suresh kumar
5736,Harsh
5737,rahishudeen
5738,pushkar koshik
5739,divaie chand
5740,murarilal
5741,yatharthyashodev
5742,ishu
5743,sunny rathor
5744,arunkumar toshniwal
5745,Ratan
5746,deepaak
5747,amir hussain
5748,pravesh
5749,hanshraj
5750,Shashrvat
5751,geeta
5752,nikhil tyagi
5753,ganesh sankerbablu
5754,sushil gupta
5755,tarunarun
5756,Kanha
5757,shahbuddin
5758,yashwant kumar karwar
5759,ajay kumar jain
5760,birbal ram 
5761,badal
5762,devinder sunar
5763,Nivrutti
5764,shani
5765,jagat
5766,kunod kumar ray
5767,bhure
5768,mohd ilyaash
5769,Saanjh
5770,Kshiraj
5771,mannu
5772,rinkal
5773,mohit kausal
5774,rakesh kumar yadav
5775,tofik
5776,nooruddin
5777,Rupendra
5778,harman singh
5779,omprakesh
5780,aditya pathak
5781,bhonu
5782,nazim
5783,lakh ram
5784,tikaram
5785,nisar ahamad
5786,surendra
5787,ankit garg
5788,arhiyant jain
5789,shashikant brahaman
5790,Srikant
5791,parshant sharma
5792,kaari tafseer alam
5793,Dhanu
5794,udit
5795,deelip
5796,Tanush
5797,arpit aroda
5798,Prinita
5799,vikramvicky
5800,Yatish
5801,ankit raj santosh
5802,bhrat narayn
5803,Pariket
5804,yogita
5805,shashank sharma
5806,hansraj
5807,jaykumarsindu
5808,Dakshin
5809,Shriniketan
5810,ritu raj
5811,mdgulsher alvi
5812,dhiraj singh
5813,narender
5814,nasruddindinka
5815,Samaj
5816,ridhakaran sharma
5817,rajam singh
5818,Harsha
5819,vansh goel
5820,mahender singh negi
5821,Heet
5822,dharamender
5823,pardhuman kumar gupta
5824,prashant mishra
5825,aaftab
5826,rajinder   hawa singh jat  shamlo kalan
5827,ajeet kumar
5828,sunil kumar verma
5829,vikash choudhary
5830,chaman parkash
5831,raj kumarraju
5832,gurjit singh
5833,pankaj chand
5834,vijay thakur
5835,Rahi
5836,badri meena
5837,pravendra singhal
5838,Satamanyu
5839,khalilbalue
5840,ikramudeen
5841,anil kumar tete
5842,rijul aggarwal
5843,dhrampla
5844,kapil dutt
5845,sukhpal singhmonu
5846,sandeep pawar
5847,mahamsarfroj
5848,Aadesh
5849,anil nimesh
5850,Aagney
5851,mumtaj
5852,hari lal
5853,not known
5854,rajan
5855,anup singh negi
5856,Sandesh
5857,avdesh kumar
5858,manish kumar  mandal
5859,sukhlal
5860,Rakshit
5861,Shambhu
5862,Samanvita
5863,ayanakash
5864,ramkiashan
5865,firoz khan
5866,Neshu
5867,Umanand
5868,ramanand ray
5869,akhilesh gupta
5870,Alankar
5871,balveer sing chawla
5872,omprkesh
5873,nizam
5874,rajan kumar
5875,mohd mahfooz alam
5876,mohan kumar
5877,anish ahamad
5878,rajat ragahv
5879,pardeep mohauti
5880,sunny
5881,sakir
5882,adrash
5883,devik jainchikku
5884,Saptajit
5885,mohdmujefir
5886,baleshwar  tiwari
5887,Stavya
5888,shripal
5889,ramdyalfaggu lal mehto
5890,Keerthinath
5891,Amraj
5892,lekhraj
5893,abhishek kakku
5894,Asuman
5895,Jagatprabhu
5896,surajmal
5897,Balaji
5898,Sajal
5899,mohd kalam
5900,Adamya
5901,ajay saine
5902,rishiraj
5903,mobarkar
5904,punit kumarankur mno7404660980 9813186044
5905,sarafraj
5906,Ishpreet
5907,sonuvijay
5908,kanwar pal
5909,rajibul
5910,Rajani
5911,Indeever
5912,Vayun
5913,Sharu
5914,"Naveen, Navin"
5915,ujir khan
5916,kapil sahani
5917,Sanal
5918,chander shakher
5919,bhola dutt maithani
5920,gurmeet singhgolu
5921,Balakrishna
5922,gopal kishan
5923,Shakunt
5924,mohansonu
5925,ravindera tiwari
5926,devesh kadyan
5927,dharmendr
5928,chiragchinu
5929,jakir
5930,kirashan avatar gupta
5931,chetanya swaroop
5932,Sarojin
5933,jai ram kir
5934,piyus
5935,dinesh gupta
5936,Shringesh
5937,manojmonu
5938,Praful
5939,gagan
5940,Sanu
5941,vishal kapoor
5942,Prabodhan
5943,Samridh
5944,aanand
5945,deepchand balai
5946,anil sharma
5947,jitan ram
5948,Sitanshu
5949,vishnu singh
5950,praveen jain
5951,ashad madik
5952,Umasuthan
5953,sukhbir tanwar
5954,sukhbir
5955,ibraham ali
5956,sonudevid
5957,pradeepsunny
5958,Amod
5959,Anil
5960,Sanas
5961,rishabh
5962,rajender goyal
5963,randhir ram
5964,sohan lal
5965,dharmender kumar sharma
5966,nikita
5967,Nirek
5968,kartik das
5969,devesh
5970,Athulya
5971,wasim
5972,Unnabh
5973,mubarik
5974,Srikar
5975,Anirudhh
5976,jitujitendra rajpoot
5977,lokeshhappy
5978,Sadashiv
5979,amar nath
5980,avnit chotu
5981,vipiv malkania
5982,hanuman
5983,Lekh
5984,vidit kumar
5985,lokesh kumar ojha
5986,Phaninath
5987,yasin
5988,Pankajeet
5989,mehraj
5990,nanak singh
5991,gopal ram
5992,Adrut
5993,nishant prashadanshu
5994,shashi pandit
5995,ajaj ahmad
5996,dharmveer singh
5997,mahindra kumar
5998,ravi choudhary
5999,abrar
6000,ghan shyamrajesh
6001,amil
6002,gorv sharma
6003,mohd sajid
6004,banwari soni
6005,Pran
6006,ajit kumar parsad
6007,suman malisumit
6008,ratan lal
6009,manoj gupta
6010,bhupender pal
6011,haider ali
6012,Siddha
6013,deepvhand
6014,subato mukherjee
6015,jyoti ram
6016,bacche singh
6017,ram dass
6018,narender singh
6019,ram babu shah
6020,ankaj
6021,prashansa
6022,aashik
6023,arfan
6024,ram ashray
6025,Santan
6026,Karun
6027,jumman
6028,heeera lal
6029,budhu
6030,Dikshan
6031,subham sahu
6032,Manmohan
6033,shushil
6034,Mahendra
6035,Trishulin
6036,gaurav gupta
6037,prahlad prasad
6038,Ahan
6039,monu bansal
6040,arvind kiran
6041,Deyaan
6042,rajaramradhey
6043,dinesh yadav
6044,muntjar
6045,Pashunath
6046,same singh
6047,shekh nasir husain
6048,virender kumar
6049,lilu
6050,gajendra singh   indra singh
6051,aman mandal
6052,akif mohammad
6053,aash mohoomad
6054,kalish
6055,akheelesh
6056,islamuddin
6057,subash rai
6058,ramkesh
6059,abhishek
6060,roshan singh
6061,kaluram saini
6062,karan singhkarna
6063,sehzada iqwal
6064,Devadutt
6065,shamsher  singh
6066,Manoop
6067,rameswar gadri
6068,manoj bansal
6069,Vitaharya
6070,Samir
6071,mangi ram singh
6072,Salaj
6073,sok mohmad
6074,jeevan
6075,beeram
6076,manish saini
6077,raj kumer
6078,rupender
6079,santoshchoteylal
6080,Sahovan
6081,sultan singh
6082,rama ram
6083,sanjeev
6084,rathan lal ji
6085,parbhudayal
6086,Jaisukh
6087,mudssir
6088,raju rathor
6089,anjan kumar sharma
6090,ashok thru
6091,rajesh metho
6092,ajay sadana
6093,mohd shakir
6094,bhupendra singh rawat
6095,satish kumar jangid
6096,dhansinghpuri
6097,Parag
6098,sonam
6099,rai singh
6100,sanjeev tirpathi
6101,asiwani kumar
6102,karan jeet singh
6103,jitender  arjun singh
6104,ram janm
6105,Athithya
6106,gautam  mandal
6107,manoj upadhay
6108,Nishanth
6109,diljan
6110,devender kumar sharma
6111,giriraj
6112,rajesh tiwari
6113,rishu
6114,sanju urf yatendra singh
6115,Amulya
6116,Somesh
6117,pritam kaur
6118,Mahesh
6119,rehman khan
6120,"Chiranjeet, Chirayu"
6121,Kripa
6122,mukesh jat
6123,Yagna
6124,sanu
6125,subburaiyalu
6126,badshya khan
6127,abhishik partap singh
6128,arvind singh
6129,harish ahuja
6130,bunty
6131,Turag
6132,Chinmay
6133,Kangana
6134,lokendra
6135,Rasmaru
6136,jamna lal
6137,Rajit
6138,sarvesh kumarlallan
6139,bhagwanaram
6140,rahmat ali
6141,devanand kushwaha
6142,sandeep dahiya
6143,brijesh kumar
6144,tepu mohd
6145,keshav dutt
6146,mohd sayyub
6147,chintu lal
6148,sudhansu
6149,suman
6150,sham singh
6151,mohd farman
6152,Mani
6153,krishan parkash
6154,Jalbhushan
6155,hariom urf kalu yadav
6156,Kedarnath
6157,mohd samim
6158,Advait
6159,malchand
6160,sanjay kumar
6161,subhod
6162,vikas thakur
6163,Vinahast
6164,vijay  kumar tiwaripappu
6165,Vikramaditya
6166,jism mehar singh bedi
6167,liyakat ali
6168,sadik ali
6169,jeetram
6170,Ranjeet
6171,ajit kapoor
6172,nitish
6173,abhishekh
6174,balraj singh
6175,Anant
6176,hadarali  abdul quam
6177,abdul karimsaifi
6178,Satin
6179,nimahe mandal
6180,hariram
6181,Setu
6182,mazhar  azimudeen
6183,Suryesh
6184,vijay pal sani
6185,Rasul
6186,naruram
6187,bablu pandey
6188,kewal singh
6189,Kanan
6190,moh0 umar
6191,pradeepkale
6192,balak singh
6193,hemant sharma
6194,Shubhaksh
6195,hukamchand
6196,sanjay khemchandani
6197,tohir
6198,charan dass
6199,Kamalesh
6200,basant joshi
6201,sunil kannujiya
6202,lakhu parsad
6203,balwan khar
6204,Dahana
6205,uma shankar
6206,nahid
6207,Manish
6208,rajiv
6209,kamal meen
6210,manowar hussain
6211,mohd ushama
6212,rajesh paswan
6213,shashikant
6214,hari chander
6215,pradeep agrawal
6216,girish
6217,uday singh
6218,poonam
6219,pramod tyagi
6220,vijesh sahu
6221,Bhupati
6222,mh sahil
6223,"Shreekumar , shrikumar"
6224,parlad pilly
6225,jabir
6226,jeeth
6227,klash kumar
6228,Satyam
6229,Meghnad
6230,mo safik
6231,parshotam ram
6232,pravin kasana
6233,Kapirath
6234,Lakshmikant
6235,nipun atnari
6236,sahkir kahan
6237,Prajvala
6238,jeenat
6239,prithvi chand
6240,jai sharma
6241,Rohinish
6242,amit sachdeva
6243,chootu
6244,atul dixit
6245,shubham
6246,deepak mittal
6247,manash
6248,arab singh
6249,Pranal
6250,shankar
6251,sanjay bhalla
6252,akash hoodanandi
6253,Mridul
6254,moti lal
6255,Priyesh
6256,digvijay singh
6257,daya nand
6258,jagdeep
6259,sumer singh
6260,sishpal
6261,nawab hussain
6262,Neelambuj
6263,ali ahmad
6264,rahish ahmad
6265,shabi rza
6266,Angak
6267,naren
6268,ankus puri
6269,guruvachan singh
6270,Gatik
6271,narendera
6272,shrotam sam gosh
6273,sonu mishra
6274,ajeem
6275,Dharmesh
6276,deepakdeepu
6277,satu singh
6278,Vaikartan
6279,Sarvesh
6280,balbir
6281,Chandraj
6282,Chinar
6283,Samprit
6284,ishant
6285,Bindusar
6286,vipol
6287,Sushant
6288,Rohan
6289,lukman
6290,om prakash maheshwari
6291,Yaj
6292,jorj vargees
6293,devinder singh
6294,aman dahiya
6295,lokesh  hari singh
6296,jisu
6297,ram avatar
6298,praveen kumar chauhan
6299,Vaarin
6300,barkat tulla
6301,Gowshik
6302,muneer
6303,Satyesu
6304,anurag mishra
6305,neeraj kashyap
6306,Atin
6307,surgayan kanwar
6308,mohammad  sahed
6309,sarfraj
6310,damanjeet singh
6311,raud ali
6312,Shivas
6313,tushar bhaskar
6314,manish rana
6315,raman rajak
6316,pemaram
6317,bhud ram
6318,Divyesh
6319,rashid
6320,banwari lal bairwa
6321,vipta
6322,Shaligram
6323,yamin
6324,victor singlai
6325,vanish khan
6326,jai ram tiwari
6327,mandeep
6328,mamta
6329,vijay saini
6330,ram yadav
6331,umanathnanda babu
6332,Vibhumat
6333,babbu
6334,sardhu sharma
6335,Kamran
6336,sharat chandran
6337,indu shekh
6338,amir soyal
6339,Padam
6340,aaftaab husan
6341,rajesh kumawat
6342,maneeshmonti
6343,Karunanidhi
6344,umakant tiwari
6345,moh
6346,kapil sharma
6347,durga singh
6348,vishnu bahadur thapa
6349,kanishakraj
6350,Shibhi
6351,dhalchand
6352,tunda urf nathi
6353,Harshal
6354,Parees
6355,Utpalaksh
6356,anash
6357,maansingh aswal
6358,ramphal
6359,pramod kumar
6360,shamim ansari
6361,sahid hussain
6362,Dayaswarup
6363,rohit kumar tiwari
6364,ramesh chander
6365,aaenab sheikh
6366,bhiva ram
6367,chandan tivari
6368,shukveer singh
6369,Chidambar
6370,kailash chand
6371,sai das
6372,Sarasvan
6373,sachin kumar
6374,nanka bhil
6375,Nadeen
6376,Misal
6377,arvind kumar
6378,susan subva
6379,zeshan akhtar
6380,dharmbir
6381,sushpal
6382,deepakpritesh
6383,bhim kumarpappu
6384,Josh
6385,meena
6386,Saprem
6387,suresh durg
6388,Trilokesh
6389,Maheepati
6390,jitander
6391,Sangod
6392,sushila devi
6393,Vishwakarma
6394,Prasanna
6395,mohd arafaat
6396,dharmandra
6397,hajrat
6398,hisham singh
6399,Yathavan
6400,pawan lakhwani
6401,Abhijit /Abhijeet
6402,rajkumar
6403,sabbab hussain
6404,traun kumar
6405,Rigved
6406,banti
6407,samir mishra
6408,amit kumar singh
6409,gauravgil
6410,jagpati jha
6411,montu verma
6412,megharam meena
6413,abdul wahid khan  abdul gafur
6414,jawahar lal mittal
6415,vikaram
6416,laxmi narayantushar
6417,gajendra mehta
6418,hasan shekh
6419,vashudev
6420,lalit rana
6421,papp
6422,surendermannu
6423,bishana ram
6424,galiya
6425,himanshu
6426,Jayawant
6427,sparsh
6428,Vijay
6429,Vrisangan
6430,hemant
6431,sushmendra kumarchandan
6432,rakesh singh
6433,sumit raghav
6434,Vishwatma
6435,mahesh kumar
6436,radat shyam
6437,Kartik
6438,shobhit kumar
6439,Somnath
6440,tausin
6441,Theenash
6442,nanak chandu
6443,vansu dev
6444,deepak kumar yadav
6445,Shrihan
6446,mohd ahmad
6447,Pruthivi
6448,zuhaib nasim
6449,Jayadeep
6450,puran singh
6451,akshay kumar
6452,zahid
6453,adan
6454,vijaypappu
6455,laxman kumar
6456,rajeshchotu
6457,Yudhishthir
6458,asagar khan
6459,navendra
6460,Lokesh
6461,Sathindar
6462,Parmanand
6463,laxman sinsh
6464,tonipunit
6465,yogesh sharma
6466,bhagwati prasad
6467,Shitikshu
6468,nitin  or rohit
6469,ram narain
6470,mohamad anwar
6471,jagdish kaliya
6472,mohd lookman
6473,aakashsani
6474,Sricharan
6475,virendra singh
6476,Bhanuprakash
6477,navdeep
6478,Jaideep
6479,jeesan
6480,Phalak
6481,sorabh
6482,shabbir
6483,vikram khatri
6484,manish kapoor
6485,uday lal
6486,shetan gurjar
6487,Somkar
6488,julfisonu
6489,Vaibhav
6490,nikhil
6491,Devashish
6492,manish sharma
6493,punarjyoti lahiri
6494,sant lal
6495,bhushan
6496,dumnik saviosanju
6497,Shashibhushan
6498,husain mohommad
6499,Jeet
6500,ruchendra rana
6501,Saparyu
6502,vimukt
6503,kailash chand jain
6504,Suchendra
6505,sameer khanna
6506,nishant tyagi
6507,vinay binu
6508,jaideepmonu
6509,anchal anchu
6510,joria
6511,Jograj
6512,asifsahilashu
6513,ashsish kumar
6514,bhart
6515,jatin kashyap jitu
6516,rejaul sekh
6517,ved parkash shani
6518,amit kumar
6519,pintu thakur
6520,kailash kumar
6521,mohd aajam
6522,Agastya
6523,Nishat
6524,anubhav
6525,Darshan
6526,nur ahmad
6527,angda prasad mishra
6528,jit bahadur
6529,Rupeshwar
6530,dheeraj chawla
6531,rana gandhi
6532,dharamveer
6533,rattan kumar
6534,shubham mangvar
6535,Nabendu
6536,munender bahuguna
6537,Manu
6538,Amirdeswaran
6539,krishan kishan
6540,satendra singh
6541,aabid
6542,naresh bansal
6543,vijay mann
6544,partul gautam
6545,rakhi
6546,abhimanyu
6547,Girish
6548,Mahipati
6549,naved ali
6550,harbinder singh
6551,Nalin
6552,Vivatma
6553,bijender singh
6554,Japesh
6555,sanjeev dass
6556,sawali mahto
6557,saleem ansari
6558,lakhmi chand
6559,rajat kuamr
6560,rupesh rathor
6561,paramjeet kour
6562,suresh paswanmadari
6563,ramesh chander gupta
6564,suraj hajara
6565,Preetiwardhan
6566,Shatish
6567,rakesh kumar
6568,munender pratap singh
6569,shishram
6570,Pankajan
6571,Basant
6572,ashuchavikant
6573,Amara
6574,Ranjay
6575,noor shahid
6576,hitender garg
6577,vishnu parshad sharma
6578,Chandragupt
6579,Saffar
6580,Vipaschit
6581,Trimurti
6582,visan chetri
6583,mohit maan
6584,Shesanand
6585,amanlilu
6586,karan singh
6587,sunilrajesh
6588,samadh
6589,prem pal
6590,kaushal chaudhary
6591,rambir
6592,rahul nath joshi
6593,Saubhadra
6594,Tripurajit
6595,mudasar
6596,mehtab alam
6597,wazid husain
6598,mithelash
6599,akil
6600,naroo orf narayan
6601,habib  karimsab
6602,Baiju
6603,mohd iqbal
6604,Navashen
6605,Nateshwar
6606,Vansh
6607,najim
6608,brij raj
6609,govind rao
6610,Yatin
6611,dharamvirguddu
6612,amit kumar jaina
6613,om prakash
6614,Udarathi
6615,samayddin
6616,bablu naraniya
6617,rsjesh sharama
6618,Pruthvij
6619,shyam verma
6620,chinu
6621,ravi parkash papan
6622,Vajrahast
6623,rahul paswan
6624,shiv kumarrohit
6625,Ambar
6626,Shrimohan
6627,prateek kumar tiwari
6628,Vaninadh
6629,faiyaaz
6630,bhuri singh
6631,annuanil
6632,sumit chugh
6633,deepak ahalawat
6634,gurvinder singh
6635,Ripu
6636,surender pal arora
6637,manoj kumar shrivastav
6638,pooran singh saini
6639,sumnesh
6640,ram jatan
6641,ritunjay tiwari
6642,mamchand
6643,disha
6644,bharma
6645,vikash pandy
6646,hamza shamim
6647,anjum
6648,chitrangan dass
6649,sh jainarayan
6650,Girilal
6651,nahar singh
6652,Waman
6653,elwin lal
6654,sanjya chhetri
6655,jagdamba prashad
6656,sahun
6657,chaman gupta
6658,arman ansari
6659,Mehaan
6660,Sahat
6661,sachin kumar sharma
6662,ranbir
6663,sandeep kapoor
6664,aalam aara
6665,tolaram bhanvar lal
6666,Suryansh
6667,badan singh
6668,bhart kumar
6669,Charandas
6670,arjun giri
6671,shivam
6672,sonukaliya
6673,atul jalan
6674,rahul mishra
6675,ramdev
6676,viresh
6677,tej prakash
6678,Yedhu
6679,Shrirang
6680,Chitraksh
6681,bhotra
6682,manish  kumar
6683,rajend
6684,Vaninath
6685,surya dev singh
6686,abhash lochan jha
6687,mohdkudtusu
6688,manish chouhan
6689,m bahadur
6690,kailash chand sharma
6691,khuma ram
6692,ramchander singh
6693,banwari lal saini
6694,pradeep singh
6695,Vrajmohan
6696,arun gupta
6697,rampal alis ram lal
6698,Kamalbandhu
6699,aslam allam
6700,ramji
6701,indervesh
6702,Tungish
6703,bangali babu
6704,dildar khan
6705,ashwanimanish
6706,bhojpal
6707,vivek raj
6708,sagir
6709,chhotu
6710,suwadhin shriwastava
6711,aman saroj
6712,Phanindranath
6713,Jagajeevan
6714,nandi
6715,babudden kuresi
6716,Giriraj
6717,ramkaran verma
6718,sukesh kumar choudhary
6719,talib
6720,Padminish
6721,mohd ayub
6722,vikramjeet
6723,Subeesh
6724,geeta bhagat
6725,raghunandan das
6726,vikramgoolu
6727,sikandar sahu
6728,abdullah
6729,amarchand
6730,hrithik
6731,harinder
6732,Sahor
6733,Jeethesh
6734,Nitin
6735,beenu
6736,bhusan
6737,Swarup
6738,yaksh panchal
6739,bhura khan
6740,Sampat
6741,Udupati
6742,prince singh
6743,Anubhav
6744,bijender
6745,raj kumar mishra
6746,mujaffar  musarraf
6747,abdul hafiz
6748,visvajeet mandal
6749,avdhesh
6750,Ramanjit
6751,Neelam
6752,Rutesh
6753,guru charan lal
6754,Badri prasad
6755,suraj paswan
6756,kamruddin
6757,harish chander saroj
6758,ramkishan
6759,vishal singh
6760,manak chand
6761,chandra parkash
6762,Sneagen
6763,rohthash
6764,mohd arbaz
6765,annu sharma
6766,harpal kishan
6767,dinesh chand
6768,roop chand
6769,sh madan jain
6770,Uppal
6771,sarju
6772,jay bhagwan
6773,kundan kr
6774,chtarpal singh
6775,sanjeet
6776,Gajanan
6777,imran khan
6778,madhu
6779,ram jivan
6780,ramesh kuamar
6781,seti
6782,shri kant ghore
6783,bulad akhtar
6784,shayampuri
6785,neeraj kandari
6786,dhukhu ram
6787,girish chand
6788,gagandeep
6789,Jnyandeep
6790,sujit singh chaudhary
6791,arindom gupta
6792,mohd javed khan
6793,bhahadur
6794,prem lal
6795,Yudhajit
6796,Nirdhar
6797,rajeshvr
6798,pavan sharma
6799,amit abrol
6800,chettan
6801,anil yadav
6802,Susadh
6803,Agnivesh
6804,hani
6805,rudmal
6806,mohd zahid  karimudeen
6807,indal paswan
6808,Saurjyesh
6809,madan singh
6810,rampher pathak
6811,muslim shekh
6812,kallurameshwar
6813,aryan prateek
6814,Dvimidha
6815,mukesh
6816,hem chandra
6817,manjit singh
6818,nitin sharma
6819,Ilesh
6820,narender kumar gupta
6821,lave kumar sharma
6822,mohar singh
6823,Vanad
6824,sunil keshri
6825,Gangadutt
6826,Swapnil
6827,nawab ali
6828,ravi shankar goswami
6829,bhulaee
6830,shailesh kumar rai
6831,ajay singh bhati
6832,Chakrapani
6833,irshad
6834,raj balabharati
6835,surajpinku
6836,virender vicky
6837,sandeepmonu
6838,Adjovi
6839,dhananjai
6840,mohit kumar sharma
6841,narayan gadri
6842,satbir chada
6843,rama singh
6844,gulab nabbi
6845,girjesh kumar
6846,Alagan
6847,dauad beg
6848,dilip kumar bhattacharjee
6849,saurabhpeeru
6850,eswaran
6851,shri dhan singh
6852,Vaijayi
6853,Shushruth
6854,mohd altaf
6855,sandeepsonu
6856,vinodpappu
6857,munshi prasad yadav
6858,Panchal
6859,ram ashre
6860,sehboob
6861,Hemaprakash
6862,sanjeev kumar soni
6863,tanish
6864,chetan porwal
6865,parmod sharma
6866,heera lal urf heero
6867,suman kumar
6868,bulet singh
6869,yogender prakash
6870,rohit agarwal
6871,Udu
6872,narender kumar
6873,vakil
6874,inkoo
6875,jatin satish
6876,milan
6877,Shail
6878,Vishantak
6879,roji
6880,papa rao
6881,keshav mattur
6882,sameer
6883,name singh
6884,Shlesh
6885,sadab urf golu
6886,chanderbal tyagi
6887,jagtar singh
6888,sourabh
6889,dhan singh
6890,nanhe lal
6891,rohtash
6892,ramhetu
6893,manku ram jat
6894,dhram raj
6895,gurnam
6896,manoj mahto
6897,shoaib
6898,jitender soni
6899,Achal
6900,Abhindra
6901,vinodsagar
6902,chaman lal verma
6903,Shraunak
6904,Vibhusnu
6905,kamal kishore sharma
6906,surajmalsonu
6907,jot ram
6908,ravi kumar
6909,shyam dhar mishra
6910,Arham
6911,banju
6912,juvel
6913,mohd shokat
6914,virnit
6915,sanjey kumar
6916,baggusingh
6917,shambhu gupta
6918,noor hasan
6919,Rajan
6920,Nagendra
6921,roshanlal
6922,moh irfan
6923,Dhureen
6924,dharam dass
6925,kalyan singh devra
6926,umar
6927,vicky khan
6928,sudhir
6929,Vidvatam
6930,niranjan
6931,braham singh
6932,Gurudutt
6933,Pujit
6934,sonu sah
6935,Chandrak
6936,gahnshyam
6937,Mitali
6938,nazeem
6939,mohd useel
6940,Yayati
6941,faujdar sharma
6942,devi dass
6943,mudbir khan
6944,pardeepmonu
6945,niwas
6946,bheem singh
6947,yaqub ali
6948,shiva kumar
6949,Vivash
6950,gordhan das
6951,mod akram
6952,raj parshad dagru
6953,tanvir ahmad
6954,Abhinav
6955,pawan dixit
6956,akash meena
6957,mohak kaul
6958,kashiv
6959,neeraj kishore
6960,vindeshver
6961,mohit  thakur
6962,satish chander
6963,Shreerag
6964,Dakshesh
6965,sarjeet
6966,Shabar
6967,khushi mho
6968,somnath batra
6969,bhopal
6970,wasimuddin
6971,manish goyal
6972,Takshak
6973,jiya rahman
6974,dharmpal
6975,sarvan mehto
6976,pawna
6977,navjoot
6978,mukesh goyal
6979,makbul
6980,Sanyam
6981,Ulmuk
6982,ghaseeta ram
6983,kmdeyji
6984,abdul sakur
6985,sanjay sharma
6986,Muralidhar
6987,manjit singh tomer
6988,Svaraj
6989,Govind
6990,aslam ali
6991,raju kashyap
6992,mohithimanshu
6993,sh satpal
6994,akkni
6995,laxman singh
6996,veerpal
6997,partappappu
6998,Sarag
6999,raj kumar saraf
7000,Rushang
7001,nischaya
7002,shri kumar parthi
7003,gauri visht
7004,vibhuti shyamal
7005,mujibu rehman
7006,param
7007,Rkhvan
7008,Tanvir
7009,jankraj sharma
7010,gauri shanka
7011,mohd faijan
7012,sawarmal
7013,Shray
7014,subjeet vishavkarma
7015,mohd marukh
7016,varun chandela
7017,Durga
7018,vinay yadav
7019,suraj bhatia
7020,geernish kumar
7021,narendra
7022,veer bahadur
7023,shelendra
7024,ram bahadur
7025,kawaljeetrahul
7026,anil narula
7027,anooj patava
7028,adil khan
7029,kishansunny
7030,Pandita
7031,Ratul
7032,Saruh
7033,Shaurya
7034,sidharth
7035,soni
7036,Stotra
7037,badri prasad
7038,vikas rajpoot
7039,Ramakant
7040,shashi bhushan
7041,sunderbablu
7042,harwindra singh
7043,Geet
7044,Phanindra
7045,rakeshsonu
7046,nasir husain
7047,kalu lal khatik
7048,Sajitvan
7049,naresh yadav
7050,vedprakash sharma
7051,Gaangey
7052,pannalal
7053,Praney
7054,ahmed hussain
7055,mahfooj
7056,bharat bhushan koushik
7057,Bhartesh
7058,barkat ali
7059,brijmohan
7060,davinder
7061,ganga ram
7062,Gursharan
7063,gurbachan singh  darshan singh
7064,surgyan
7065,inder pal
7066,chandra dhar pande
7067,Omeshwar
7068,netra pal singh
7069,abhishek tripathi
7070,Nischal
7071,Syamantaka
7072,jasbir
7073,badri ram
7074,mukesh mandal
7075,deepchand
7076,praveen bharti
7077,Dhigana
7078,Ravish/Ravit
7079,sumit
7080,Ronak
7081,jaidev
7082,harish tanwar
7083,aarti
7084,jiyaul
7085,rameshwar
7086,rahulbhola
7087,hakam singh
7088,Gopal
7089,sanjay bhati
7090,anoop roy
7091,kishan singh
7092,padam singh
7093,ravi raj sheker
7094,Prasata
7095,atul sharma
7096,Pehlaj
7097,Saju
7098,durga lal
7099,shyam sharma
7100,anoop
7101,abhaykamaljeet
7102,bhagirath sharma
7103,Ritish
7104,kishan yadav
7105,chand kumar
7106,birender
7107,gokul
7108,Nikunj
7109,pooranmal
7110,veerendra singh
7111,mo firoj
7112,manish sehrawat
7113,rajeev sirohi
7114,Parantap
7115,Nishad
7116,rahul singh
7117,baban tiwari
7118,Eklavya
7119,khimanand
7120,rajender singh
7121,Urjavaha
7122,Sargam
7123,sanjay patwa
7124,surendera singh
7125,noor mohammad
7126,mohan swaroop
7127,ramniwasjpintu
7128,arunvicky
7129,rammurti
7130,shankar lal meena
7131,sitar singh
7132,syham singh
7133,Vasav
7134,pooja chaudhry
7135,leela rambablu
7136,tak chand
7137,Sasi
7138,rahul rawat
7139,netra singh
7140,shailesh tiwari
7141,Nabhya
7142,abhijeet adhikari
7143,sohel
7144,Das
7145,mohd parveen
7146,warnakulasuriya erancis fernando
7147,Vivekanand
7148,ram bharose
7149,Ainesh
7150,Arman
7151,mool chand goyal
7152,Vishnudutt
7153,dilvar
7154,kamal kishor soni
7155,yogesh
7156,Harmendra
7157,arun sing
7158,Urjani
7159,farman
7160,Vayya
7161,kiran kumari
7162,Ushangu
7163,Prabhanjan
7164,bachan singh rana
7165,bal kirshan
7166,yaman singh
7167,sh vinod kumar
7168,lalit singh bisht
7169,bobby
7170,Shubendra
7171,mdbadrealam
7172,himal
7173,rahulravinder
7174,noor alam
7175,mohd ashim
7176,vishnu kumar
7177,Niramay
7178,Shamak
7179,kamlesh
7180,papuu luhar
7181,dharam dev podar
7182,vikram arora
7183,amba lal
7184,Mrinank
7185,Saharsh
7186,satyanarayan
7187,chetram
7188,mohit kumar
7189,Kinshuk
7190,harishankar
7191,Kailasnath
7192,kishan singh adhkari
7193,ikbal
7194,Amit
7195,satbir kumar
7196,partap
7197,bajrangi lal kasyap
7198,Jagajeet
7199,mamu ram
7200,vinodbiraje
7201,Samiksh
7202,satnarayan meena
7203,mul chand
7204,Bhumindra
7205,surinder singh
7206,babu ra
7207,suresh  kumarmunna
7208,Sahayu
7209,maisan
7210,sunil kumar
7211,rajit kumar
7212,sarif mohammed
7213,Murari
7214,chirag batta
7215,Hemal
7216,Susmit
7217,Navinchandra
7218,Yayin
7219,parveshponi
7220,rehmat ali
7221,abdul aziz
7222,sachin kumal taneja
7223,salauddin
7224,vikarm
7225,Nakhraj
7226,Kapaali
7227,Virabhadra
7228,daniel gomes
7229,gobind
7230,mahender
7231,mohd faizkallu
7232,pasanjeet
7233,danish ahmad
7234,mintu mulla
7235,dinesh pal
7236,multan singh
7237,Pravin
7238,Jayapal
7239,Sagma
7240,reyaz ahmed malik
7241,satish sindhi
7242,heeralal
7243,risiraj
7244,sujit
7245,kishan lal kanojia
7246,krishan lal krishna
7247,abul kesh ansari
7248,ziyabul
7249,devinder pal
7250,uttam
7251,joginder pallokki
7252,nathu singh
7253,ram singh
7254,sikander pal
7255,sunil kumar gupta
7256,rajendra chourasiya
7257,udesh jha
7258,lalit arya
7259,prakash gupta
7260,mohammad
7261,Satejas
7262,kasid
7263,ankur joni
7264,kimat singh
7265,pritam singh
7266,anuj bholu
7267,Manthan
7268,Raivata
7269,ram murat singh
7270,ram siroman
7271,jitenderjeetu
7272,Vrishak
7273,shree ram
7274,gappu
7275,harsh sharma
7276,vishva nath
7277,Vijayketu
7278,lawli akky
7279,nasar ali
7280,syun
7281,abhishek kumar
7282,manoj sahni
7283,vinod kumar meena
7284,Asija
7285,Prasoon
7286,Manibhushan
7287,Param
7288,parmodh
7289,sukhsohan
7290,munna sanover
7291,kushal  gupta
7292,Jagadeep
7293,Satyavrat
7294,tapish  chorasiya
7295,amzad khan
7296,dikshant
7297,vinayniku
7298,sushant gupta
7299,Vasavi
7300,ved raj
7301,badri narayan yadav
7302,tapan kumar
7303,krishan gopal
7304,anjum chowdhary
7305,Narsi
7306,baldev
7307,ojas
7308,Udarchis
7309,dhanpat
7310,a suresh
7311,Jaypal
7312,Subhas
7313,Sachiv
7314,shur singh
7315,hitesh widhuri
7316,pera chandra
7317,rima
7318,gufraan khan
7319,siddarth chetri
7320,yunishs
7321,himanshunonu
7322,Ameya
7323,harendra singh
7324,Krishna Das
7325,Kartikey
7326,sahdev
7327,bal bahadur
7328,Sahastrabahu
7329,dhmendar
7330,doodhnath pandit
7331,jeetu
7332,pradeep rawat
7333,parbhu dayal
7334,hukam singh
7335,Sachisth
7336,jisan
7337,ram shakal
7338,santram
7339,sokat
7340,meeta lal gurjar
7341,hukam chand
7342,inderpal
7343,ajay kumar 
7344,bhanu pratap morya
7345,Sachit
7346,Shalik
7347,Sinhvahan
7348,mho majid
7349,himanshujatin
7350,praveenvinay
7351,shri ratan lal
7352,adhish kumar
7353,jitendra kumar
7354,Santosh
7355,kiran
7356,km arti
7357,ragwender sharma
7358,Dinkar
7359,rajeevneetu
7360,mohd yusuf
7361,vivek sharma
7362,Shukla
7363,kanhyalal
7364,rajeev kumar raju
7365,sekha nur mohmad
7366,jasvinder
7367,satishmoolchandbaba
7368,sukulsonu
7369,kareshan
7370,Daljeet
7371,jalaluddin
7372,chanda lal soni
7373,parnav kumar
7374,dev puri goswami
7375,raju garg
7376,Shauchin
7377,mohan singh
7378,anurudh choudhary
7379,abhijeet
7380,sukhpal
7381,gaurav sharam
7382,harnam singh
7383,chander shekar
7384,Pranshu
7385,ram
7386,radha kishan  yadav
7387,Taresh
7388,rajdev
7389,nikhil chauhan
7390,sanjay mandal
7391,mukhtar khan
7392,shri subhash chand
7393,manak lal
7394,sunilmonu
7395,ruksar kausar
7396,sharee chandbabu
7397,ankit negi
7398,Prathmesh
7399,anuj patni
7400,Gaurikant
7401,sanjay dayalshaul
7402,aakash deepu satyprakash sharma
7403,viccky
7404,prateek bahl
7405,chander perkash
7406,Dhanesh
7407,Chandrashekhar
7408,lakshya chauhanlucky
7409,narendra singh
7410,Ashvin
7411,anooj
7412,davendra meena
7413,bhupesh sharma
7414,Bhadrashree
7415,rajiv kumar
7416,ashok shrivastav
7417,tapan  kumar
7418,Shrihari
7419,kishan yadav  thag yadav
7420,gollu
7421,chander prakashsonu
7422,shaulal
7423,satya dev singh
7424,kashish sharma
7425,laxmi narayan verma
7426,sarvan kumar
7427,faiz ahmad
7428,Revant
7429,jitender gupta
7430,baudi
7431,balramballu
7432,basant ram
7433,Bhadresh
7434,gangadhar
7435,mona
7436,Vamadev
7437,Amitava
7438,gs1957975 sunil kumar vaag
7439,ajad rawal
7440,birender kishor bhala
7441,Ratnakar
7442,dharmendra kumar
7443,pramjot singh
7444,juhi
7445,ravi kumar verma
7446,kesri prashad sharma
7447,nosad
7448,Uddunath
7449,mohd asraf ansari
7450,rameshwar kumar
7451,madhu sudan
7452,arjun yadav
7453,bilal malik
7454,Sohil
7455,abdul kalam
7456,maqsood alam
7457,mohd sabbir
7458,anil garg
7459,chandrashekhar saini
7460,jairam mandal
7461,Jayashekhar
7462,rakesh kapoor
7463,ramesh meena
7464,muksndi lal
7465,Kapindra
7466,vakeel
7467,shishpal
7468,dhiruvikky
7469,vimal
7470,ravi dwivedi
7471,iswar lal raigar
7472,virender pal
7473,aman bhatt
7474,vikash atwal
7475,chandi prsad
7476,yaqoob
7477,imam baksh
7478,Prathamesh
7479,pooran chand
7480,Sahanj
7481,Samraj
7482,subham madhwal
7483,lakki
7484,sinta
7485,Gaurish
7486,virender paswan
7487,shree prakash garg
7488,dev
7489,aanad sharma
7490,sanjay mehta
7491,yasib
7492,Ashvath
7493,girish chandra
7494,Tejas
7495,Vihaan
7496,ranjit
7497,banwari
7498,ramotarnanu
7499,rasab
7500,sohanlal
7501,Jashan
7502,laxman pandit
7503,paramjit singh
7504,vishal tiwari
7505,sujit jha
7506,vikash mirdha
7507,dhrmveer singh
7508,inder dev
7509,Somadev
7510,Ghoshal
7511,dipendra kumar
7512,vikas parshad
7513,Jayaditya
7514,Shinjan
7515,Mithil
7516,Tuka
7517,bharat kumar
7518,meharuddin
7519,monu neeraj
7520,ashwini
7521,gopal
7522,yashbir
7523,monusonu
7524,Uday
7525,devasish chakarwarti
7526,rajiv chawala
7527,mho aamir
7528,pankaj gupta
7529,Jasraj
7530,abdul khalil
7531,Bansi
7532,santosh kuamr
7533,Kamalnath
7534,mohd salim
7535,Chiranjeev
7536,islam
7537,rakesh gupta
7538,vijay pal singh
7539,jaichand
7540,jishant
7541,ombeer
7542,dharmendra ram
7543,mahinder bhakuni
7544,Sabarish
7545,shankar lal
7546,vijay aggarwal
7547,vijaypal singh
7548,barj bhusan
7549,Zrimat
7550,Radheya
7551,Chandarmouli
7552,shankar uppal
7553,ramanrancho
7554,ashwani kumar
7555,mukesh sohli
7556,ram ji
7557,"Rajeev,Rajiv"
7558,mohd nazeer
7559,ruben sunwak
7560,satendra  singh
7561,utam singh
7562,methun
7563,ankit gupta
7564,chintan saini
7565,ravi singh
7566,nawabkallu
7567,durganand
7568,harpreet dham
7569,Shibhya
7570,ajay kumarchautu
7571,parveen aggarwal
7572,toshar bhatiya
7573,kaptan
7574,Saubhag
7575,Shivraj
7576,rakesh bablu
7577,vikram mandal
7578,man mohan aggarwal
7579,Abhinivesh
7580,abhinav vashishat
7581,kallu
7582,Satanand
7583,Tanak
7584,Shashee
7585,dhan chandar
7586,nisha
7587,noorakabadi
7588,sadre alam
7589,vickyvikash
7590,lalit
7591,Ravinshu
7592,lasar
7593,santosh
7594,shetan
7595,ajay singh
7596,Sitaram
7597,subash shani
7598,jaivind kohali
7599,deepak kamat
7600,rajesh arorakamal
7601,tara chandrabillu
7602,Svayambhu
7603,jahir alam
7604,sahab singh alias bitu
7605,divyansh
7606,masoom
7607,munna lal chohan
7608,Devarshi
7609,mahasingh
7610,nawal kishore
7611,mukesh munna
7612,Saura
7613,Manik
7614,rohit kumar yadav
7615,rajjit kumar
7616,mohan pandey
7617,najrin
7618,Vishnudev
7619,mohd sahil
7620,ravinder kumar raidannu kumar rai
7621,rajesh mehra
7622,mohd  rajiq
7623,ratn lal
7624,ajay chorasiya
7625,p ramkumar
7626,ritik gupta
7627,chotan
7628,sintu vishwash
7629,narender sharma
7630,laxman lal tundwal
7631,Rupak
7632,abhinash chauhan
7633,Shashidhar
7634,rati pal
7635,Durgadutt
7636,Vrishank
7637,sachin jain
7638,Omesh
7639,lekhraj pahuja
7640,nagaji
7641,na
7642,akash urf deepu
7643,parvinder singh
7644,amarvesh
7645,himansu garg
7646,rajbeer
7647,dheerajgulshan
7648,rajendra  babu lal mali
7649,Siddanth
7650,jetendersonu
7651,dalchand
7652,fharman
7653,sh muzaffar ahmad thoker
7654,Pavan
7655,Vedprakash
7656,raju ram
7657,Madhughosh
7658,vinod kesri
7659,boduram
7660,bhura singh
7661,sahbaj  latif musalman
7662,kavilash
7663,bhadur ram
7664,Shrivas
7665,atul
7666,rupak singh
7667,Shoor
7668,mayank aakash
7669,ravi arora
7670,Rudraksh
7671,mishri lal
7672,Yathindra
7673,ganesh singh
7674,sumit yadav
7675,Aarav
7676,mohd azam
7677,govind patel
7678,rakesh sudama
7679,pratha
7680,ravinder singh rana
7681,naitik
7682,Bhagesh
7683,narain dass khurana
7684,virpal
7685,lakhmi
7686,lakhamichand
7687,deepaknikku
7688,sahna
7689,tosifpaevesh
7690,Madhusudhana Krishna
7691,tarbez ansari
7692,hardas
7693,Prahalad
7694,daaud
7695,munnem meena
7696,vikky miglani
7697,banshi lal
7698,bisto
7699,Shankh
7700,barjesh
7701,Himmat
7702,ganesh kumar
7703,anikt kumar singh
7704,satendra pal singh
7705,Amul
7706,ram subhak
7707,nazirul
7708,sabi
7709,rohan singh
7710,ashu singh
7711,sandip
7712,munna lal
7713,Mandeep
7714,banwari lal
7715,kunal mayank
7716,niranjan lal saini
7717,mohd  ashlam
7718,sanjaygindo
7719,jogender kumar
7720,bal dev
7721,susanto dass
7722,ashu kanttridev
7723,amrika
7724,murli
7725,rahulboby
7726,nannujaypal
7727,kuparth shah
7728,Nityasundar
7729,sone lal bhanderi
7730,anwari
7731,Bhisma
7732,gulsher
7733,salim  kha
7734,Himank
7735,abhinwavsita ram
7736,farid
7737,Gaurishankar
7738,rashab
7739,vijay  kumar
7740,mukeshchotu
7741,Hemendu
7742,kumari ritu
7743,chanchal kumar
7744,nitin chahal
7745,Pravit
7746,Manivannan
7747,balvinder
7748,shiv sahotakaran
7749,deepak kumar
7750,najar hussan
7751,narayan singh rawat
7752,dharvesh kumar
7753,naryan singh
7754,sahid khan
7755,Sanvar
7756,kali charan
7757,shivam koushik
7758,ashutosh kumar
7759,Nimesh
7760,fhaishal amahad
7761,Sadanand
7762,mamraj sharma  genda lal sharma
7763,shil kherval
7764,budhan
7765,adesh kumar
7766,krishan pal
7767,rishi raj
7768,harmani
7769,Vijval
7770,anil raj
7771,shshiv charan singh
7772,anuj jain
7773,ayub khan
7774,yasmin
7775,vivek gupta
7776,parsant
7777,vinit tyagi
7778,puneet
7779,chela ram
7780,sh bharu singh
7781,ashwaniashu
7782,chander prakash
7783,rakesh sarkar
7784,rakesh chander sharma
7785,kabir
7786,chandpreet
7787,satish kumar sharma
7788,vicky sharma
7789,Yugank
7790,Adhip
7791,sampat sadashiv saluke
7792,Digamber
7793,Sauanand
7794,kalyan singh kallu
7795,sadik husain
7796,Anirudhha
7797,alimohd ali
7798,padam
7799,Pitambar
7800,shivaji rai
7801,data ram
7802,mahender verma
7803,Trishar
7804,aniltaini
7805,gen bahadur
7806,rudra pratap
7807,krish topar jon
7808,ajab singh
7809,mukulsonu
7810,nirmal nepalikaran
7811,naveen rawat
7812,Janakibhushan
7813,anil urf nitin
7814,paratibha
7815,dhanu dhanparkesh
7816,Trikay
7817,aidtya
7818,ali hussain
7819,mohd danish
7820,vishal lamba
7821,dheeraj joshi
7822,"Shreenivas , shrinivas"
7823,monu kumar
7824,peentu
7825,ranbir singhsonu
7826,suresh singh
7827,Yajat
7828,nand kishor puppu
7829,davender dass
7830,rinku
7831,mul chand kumawat
7832,Devesh
7833,anshu
7834,aamir hussain
7835,birjesh
7836,jagdesh ram meghwal
7837,paras
7838,budh rai
7839,latur  gopal koli
7840,Ramakrishna
7841,gopal singh
7842,lucki anand
7843,javed siafi
7844,Vasava
7845,kartik pawar
7846,avdesh sharma
7847,robin
7848,rakesh tabiyaad
7849,sh pratap singh
7850,amjad khan
7851,Sanchit
7852,Yakshit
7853,`bishan bangari
7854,arun kumar tiwari
7855,manish khandelwal
7856,rana partap ahuja
7857,arvind kumarsonu
7858,mdyunus
7859,kundan kumar choudhary  kedar choudhary r
7860,ashok kumar rawat
7861,jai dahiya
7862,shri niwas  rameshwar sharma
7863,Raghuveer
7864,laxmi narayan malpani
7865,lamanikhedu
7866,shyam
7867,veepal singh
7868,hari om
7869,Pratik
7870,Uthkarsh
7871,vinoda kumar
7872,ravish kumar
7873,abdul vahid
7874,birpal
7875,Tirumala
7876,jahagir khan
7877,pardeep adak
7878,tuka ram
7879,mula ram
7880,Sasatya
7881,prashant kumar
7882,kunden
7883,Amanuday
7884,lav
7885,gaurav kumar
7886,Rasbihari
7887,sarvesh kumar
7888,Ashwath
7889,hasim
7890,sanjeev goswami
7891,Shantinath
7892,mohit nautiyal
7893,hemantchhotu
7894,amit pal
7895,govindakash
7896,kishor saini
7897,Pushkara
7898,ritesh agrwal
7899,Sarvag
7900,khalil
7901,sandeep  tomar
7902,jaspreet
7903,babupuri
7904,prince
7905,ramakant
7906,Sashwat
7907,aasha ray
7908,Nabhas
7909,pawan kumarsanu
7910,chandra pal
7911,mohd riyaz
7912,sukhbeer singh
7913,devilal
7914,mukhtar ahamed
7915,gulshan
7916,omprakash sharma
7917,Kundan
7918,hiralal
7919,rajeev lochan
7920,radhey shyam sachdeva
7921,ghasiram koli
7922,vishwanath mehto 
7923,jigar
7924,saddam khan
7925,shivani
7926,dwarika lal
7927,bhola
7928,sita ram saini
7929,anmolankur
7930,mohd samad
7931,piyush singh
7932,mehphal singh
7933,sorab siaq
7934,vishalvissu
7935,ram kishan tomar
7936,mukund kumar
7937,mayur agarwal
7938,mohan sada
7939,sultan
7940,raju kumar
7941,Vyomesh
7942,rameshdilwar
7943,amritpal
7944,Pradarsh
7945,bal kishan
7946,Deviprasad
7947,Palin
7948,sat pal
7949,krishna jha
7950,Lokpradeep
7951,vishnu bhagwan
7952,Prachet
7953,ramesh panwanr
7954,Somali
7955,bheema
7956,prabhu dayal
7957,ajay gupta
7958,Bhishma
7959,ram lakhan
7960,vikrantvicky
7961,yadho lal
7962,manish vermamonu
7963,bhagirath
7964,Dipten
7965,hariabhishek
7966,vivek kumar gupta
7967,aavesh kumar
7968,omprakash  balsingh
7969,raheesh
7970,abhishekchotu
7971,lavish kumar
7972,constable  sanjai kumar
7973,devender singhguddu
7974,Divyendu
7975,piyush anand
7976,nitesh
7977,satish chawla
7978,mesak
7979,kuldeepkalan
7980,mohitsumitra
7981,ramjiyawan
7982,tafsir
7983,sunder lal
7984,mehib alam
7985,Sthavir
7986,bintu
7987,budhi singh
7988,sonudeshraj
7989,goverdhan dass
7990,Amaan
7991,begraj
7992,ajay kumar gupta
7993,Harteij
7994,Prajval
7995,Vasuman
7996,ikrar
7997,sukhdev
7998,umlesh
7999,bhismpal
8000,Shitikanth
8001,iqbal hussain
8002,sinil kumar
8003,abhishekleru
8004,shankar gupta
8005,amit
8006,bhupendra monu
8007,Vikern
8008,kamrudeen
8009,Valmiki
8010,ayan khan
8011,pukharam
8012,gauravlittle
8013,Jaithra
8014,pramod mishra
8015,raju ninama
8016,deepak rana
8017,sujeet haldal
8018,aravind
8019,pawan kumar gupta
8020,Navneet
8021,jugender khetpal
8022,adersen
8023,shahnabaz
8024,abash rajan jha
8025,Devang
8026,pradep kumar
8027,kunal sharma
8028,durga parshad
8029,anamol modi
8030,Sanvrit
8031,ram prashad
8032,ashok agrrwal
8033,niranjan choudhary
8034,bandu khan
8035,Panner
8036,anoop singh patwal
8037,mahesh sharma
8038,dheeraj montu
8039,rajesh rawat
8040,kuldeep kukreti
8041,Ray
8042,prabhatilal
8043,ashok sharma
8044,prabhatyashi urf harsit
8045,Dinanath
8046,jai singh
8047,maan singh
8048,mithlesh mishra
8049,radesyam
8050,balram gupta
8051,biitu tomar
8052,prahlad
8053,shanbhu lal
8054,mukesh panjara
8055,rajeev giriraju
8056,biran
8057,parveenpuran
8058,vinoddeepak
8059,ashish semwal
8060,naresh naneha
8061,Durjaya
8062,Jasveer
8063,bhupeshneetu
8064,Sarvadharin
8065,Amol
8066,jai parkashbabu lal
8067,Anik
8068,babul al
8069,Udyam
8070,udaiveer
8071,ranvir
8072,shashwat
8073,Satyajit
8074,dipansu
8075,mithlesh yadav
8076,mahendra salani
8077,murari
8078,jasim ahemad
8079,raj kumare
8080,siddharth
8081,Rudra
8082,simranjeet singh
8083,karan vermagolu
8084,khalidur rehman
8085,meenaz khan
8086,muntiyaj
8087,Bhudev
8088,khusbu
8089,Shilish
8090,kapil bhatia
8091,inder lal
8092,Mahasvin
8093,Vainavin
8094,manoj kumar josi
8095,mukesh kumar yogi
8096,popinder
8097,anmol
8098,sandeep sahu
8099,Deepdas
8100,Sovit
8101,mannu jain
8102,kuldeepsonu
8103,yashinsukaa
8104,Samdarshi
8105,Ravindra
8106,pankajgaya
8107,surendr
8108,chanden
8109,Tarendra
8110,gora singh
8111,Virochan
8112,said ahmed
8113,aashish mathur  satbir mathur
8114,Sammat
8115,pappu joseph
8116,dilkush
8117,aadil
8118,jafruddin
8119,Sinha
8120,phool kuwarmangal singh
8121,Hridayesh
8122,vipin sharma
8123,sirajuddin
8124,bodu ram
8125,jagdeesh
8126,rajbirchanga
8127,Satvant
8128,bhram singh
8129,Rajiv
8130,Sujan
8131,khalil maziz
8132,Sagan
8133,Pransu
8134,vb  sumramanya jaya prakash chandra
8135,ram swroop
8136,Babala
8137,kripal singh
8138,jaiprakash
8139,yognder
8140,shubham dandriyal
8141,dhanjay
8142,chunnu sharma
8143,meer hashan
8144,Vinay
8145,chandan yadav
8146,jay
8147,munna shah
8148,gulshan chadda
8149,pramod kumar 
8150,anshuman jha
8151,Phalgun
8152,ashraf
8153,Narottam
8154,brijpal pal
8155,shakil ahamad
8156,baban mishra
8157,sakib
8158,sher mohmd
8159,chandra sekhar
8160,karan chauhan
8161,Saicharan
8162,guddu rai
8163,dhrampal
8164,sujata
8165,Tapesh
8166,mukul tiwari
8167,perkash
8168,jaibhagwankala
8169,Vagindra
8170,ramesh singh visth
8171,mukesh  late raju
8172,dharmendera
8173,keshav kumar
8174,punit gupta
8175,Samir / sameer
8176,rajender joshi
8177,Ram
8178,Neelkamal
8179,Devendra
8180,atanu das
8181,gladwin massey
8182,dakshina murthi
8183,sanjay kewat
8184,Nivas
8185,Naagraj
8186,sariq rahaman
8187,gur charan singh
8188,deepika
8189,muzmil
8190,Rutajit
8191,Gambheer
8192,Vishvag
8193,Zevesh
8194,raja ram
8195,rajnesh
8196,jagdish chandra
8197,rahisuddin
8198,vasim
8199,Deependra
8200,jani khan
8201,sahil
8202,Kavi
8203,Aghosh
8204,kundan ram
8205,sunil kumar mehto
8206,randhir singh parmar
8207,nikhil kumar
8208,ajman
8209,Vairinchya
8210,kanchi sing
8211,nootan prakash yadav
8212,Prasenjit
8213,manit kumar
8214,saroop singh
8215,naresh mehta  hansraj mehta
8216,bhupesh kumar
8217,Khush
8218,raju khan
8219,deelip verma
8220,mohd vashim
8221,moinuddinchand
8222,birjesh kumar
8223,Iravan
8224,mohammad humayoun
8225,Anan
8226,shokar khan
8227,devender chodhary
8228,Misri
8229,karan singh urf rahul
8230,Raghuveer/vir
8231,chitranjan kumar
8232,mustaq
8233,anil jatav
8234,shahnwaj
8235,ramnath
8236,Susen
8237,magat ram
8238,sabbir alam
8239,swapanesh gupta
8240,amit kumar nagliya
8241,Radhakrishna
8242,Vedesh
8243,bablu regar
8244,Kirtivallabh
8245,divakar sharma
8246,dharminder
8247,Durmada
8248,Dharmik
8249,girwer singh
8250,rajkumar bhil
8251,nooralha
8252,shivraj
8253,deepak rathore
8254,Chandranath
8255,veer singh monu
8256,mangal
8257,Lakshmigopal
8258,sarik
8259,Vinesh
8260,ramdas mahadw kamble
8261,Bhumin
8262,narender saini
8263,harvinder singh sandhu
8264,jeeshan khan
8265,jamadar yadav
8266,ashiqu
8267,goruav
8268,ravi rakuwar
8269,mukesh chauhan
8270,Bhanu
8271,chotusahil
8272,daya nandtoni
8273,jatan singh
8274,lalit prasad
8275,imran  maman singh
8276,Nageshwaran
8277,Purshottam
8278,mintu
8279,Kamalkant
8280,puran regar
8281,Kaushal
8282,gopiram atal
8283,lucky
8284,tara chand sharma
8285,mahendra
8286,dil kush meena
8287,pinki
8288,ravi sinha
8289,ashishbhanu
8290,kishan sharma
8291,chhotu harijan
8292,Shanku
8293,srikant
8294,Bhagirath
8295,noshad
8296,mahipal
8297,rajender kumar
8298,Samar
8299,sukumar
8300,vishalbunti
8301,Bhadrak
8302,dharmender kumar tiwari
8303,"Sankara, Shankar"
8304,mohd khalid
8305,rajuramu
8306,lakshy jain
8307,mohsin
8308,Pihu
8309,ruksar
8310,tarun ragav
8311,pinku
8312,mohd sohaib
8313,sumit bainsla
8314,durjan
8315,zishan khan
8316,tarif
8317,krishna
8318,shivam jain
8319,jitender tiwari
8320,lal mohammed
8321,eldro korea  kose
8322,ashok yadav
8323,dhara
8324,rameshrakesh
8325,vikrantgolu
8326,Rana
8327,yashpal
8328,karandeep singh  balu
8329,amit kumar yadav
8330,tarun suyal
8331,sh prem singh
8332,nikhil urf jimmi choudhri
8333,vashisast
8334,vishalmoni
8335,chand ram
8336,vivek chabra
8337,irshadsameer
8338,Aadav
8339,pushpender
8340,varun mandal
8341,dhanpat ram
8342,Krupal
8343,ram bhajan
8344,mohd firdoesh
8345,Anshul
8346,shakti singh
8347,rajesh mishra
8348,maujim
8349,sukhavinder singh
8350,pappu kumar  mandal   gopal parsad mandal
8351,Janak
8352,chander bhan yadav
8353,kifayat tula khan
8354,mukul yadav
8355,Shiyam
8356,chotu
8357,ajit
8358,aktab alam
8359,Shivansh
8360,baichan pando
8361,raseel
8362,Nilax
8363,anvar
8364,shulal gujar
8365,shibu
8366,tarun vadhuva
8367,bablooajay
8368,upender choudhry
8369,krishnal
8370,deepak kapoor
8371,akhil ravindran
8372,danveer singh
8373,kaluamukesh
8374,Hemadri
8375,arpit avasthi
8376,Samvar
8377,Sangir
8378,yashpal singh
8379,shahjad
8380,kalicharan
8381,Sourabh
8382,Sachan
8383,raj dhameja
8384,jagan
8385,Udeep
8386,kumar
8387,budh prakash
8388,Chandan
8389,jittender
8390,neeraj kumar
8391,Shreshta
8392,Angad
8393,anjrejkalu
8394,Kushagra
8395,shri pal
8396,chhedilal chaursiya
8397,tikku
8398,nausad
8399,ayush pathak
8400,moh aalam
8401,Harshad
8402,Vajasani
8403,Pratiksh
8404,Ankur
8405,Rivan
8406,Pradyun
8407,Antriksa
8408,mohd samsuddin
8409,senser
8410,Hemavatinandan
8411,Sachet
8412,deepak sharma
8413,mahaveer singh
8414,birender pal
8415,rijwan
8416,rupak kanti dass
8417,Shashikant
8418,rajesh kumar sharma
8419,bram parkash
8420,sitare
8421,sarvesh kumar pandey
8422,Shauri
8423,rajendar singh
8424,shubham yadav
8425,monupal
8426,subodh yadav
8427,shashank  sanghi
8428,lalaramkalu
8429,gajendra singh sekhawat
8430,Samin
8431,Aagman
8432,shivam mishra
8433,mukesh kumar
8434,chanden kumar mehto
8435,sagar pandey
8436,sanyaman
8437,narayan lal
8438,Trambakeshwar
8439,akeel
8440,rma kant
8441,tahir hussain
8442,Aradhak
8443,jumrati
8444,mohd kashif
8445,viplo sardar
8446,Vayujat
8447,bablu singh
8448,alaudin
8449,manav shankar
8450,jai prakash sharma
8451,Pallav
8452,satan choudhary
8453,rajmani
8454,manvendra singhtiger
8455,ravindra singh
8456,laxmi kumar
8457,depander
8458,Kishan
8459,sahwaj
8460,sheilesh kumar
8461,narendra kumar jain
8462,rishipal
8463,sonu  raj kumar
8464,Vrishab
8465,lekhram
8466,Nishinath
8467,Swayam
8468,Shikhandin
8469,munna kumarpankaj
8470,nandu
8471,umashanker
8472,deepak gupta
8473,devkran
8474,jitenderjitu
8475,manpreet singh
8476,tekchand
8477,sunil garg
8478,ravinder singh raghav
8479,raj kishor
8480,Sampath
8481,satyadev
8482,birender mandal
8483,sunil mukesh
8484,ram govind
8485,Jashith
8486,matok
8487,Padmakant
8488,upender dass
8489,nasim
8490,bhavuk goel
8491,praveen kumar girdhar
8492,Anay
8493,Nalinaksh
8494,kapilprince
8495,Ranjan
8496,kanheya lal
8497,Prakrit
8498,Sarvadev
8499,narinder
8500,Amav
8501,Tamoghna
8502,saruf
8503,arif hussain
8504,mohan singh meena
8505,rvindra bablu
8506,Gurbachan
8507,Garg
8508,justin
8509,ramsawroop
8510,prem singh bisht
8511,mahud ansari
8512,dev kumar
8513,krishan palkishan
8514,mohd shubhan
8515,ramjan khan
8516,Pramodan
8517,Kishore
8518,vicky verma
8519,kishan soni
8520,Japan
8521,mo anjum
8522,naman kaushik
8523,Sattat
8524,baccha singh
8525,sanjeev ray
8526,rajneesh kumar
8527,Shresthi
8528,suresh kumar  ram dulare
8529,ankit jaiswal
8530,vandna urf meenu
8531,tushar singh
8532,sujan  rajesh
8533,Parthiv
8534,rame
8535,shanker jha  brahmdev jha
8536,satish kumar meena
8537,saranjeet singh
8538,Abhirut
8539,veer bhan
8540,vickky
8541,rahimuddin
8542,Sudesha
8543,Zubhasamanvit
8544,Kharanshu
8545,lalaram
8546,manmohanmonu
8547,Nibodh
8548,Ronsher
8549,amar
8550,vijay kuma
8551,Samarvir
8552,jasvindir
8553,prabhakar bisi
8554,samar singh
8555,Vishvahetu
8556,ram parvesh
8557,rajendar sen
8558,keshav
8559,khursid
8560,Naimish
8561,ashok goswami
8562,Vareshvar
8563,Somprakash
8564,aasish sharma
8565,amit rana
8566,ganpati korada
8567,mho alpej
8568,moh ali
8569,rishab
8570,shyam gopal swarnkar
8571,ahsan khan
8572,ashish urf bablu
8573,sourab verma
8574,mangi lal
8575,gopal lal meena
8576,sagar kumar
8577,Shvetang
8578,Sahara
8579,balramtoni
8580,Javesh
8581,toquir ali
8582,saurabh rana
8583,somnath
8584,sumit parkash
8585,ram parsad
8586,nitin
8587,anshum
8588,raju jogi
8589,ujjwal kumarbittu
8590,hariom pandayshivam
8591,rahul sagar
8592,manish gautam
8593,sardar santbir singh
8594,Partha
8595,bhaddal singh
8596,Harith
8597,nagendra parihar
8598,chandan kumar yadav
8599,afsar khan
8600,vishalbittu
8601,maheshmadhusudan
8602,Jagatveer
8603,chandeshwar prasad
8604,Aneesh
8605,Jakarious
8606,deepak  kumar
8607,rajneesh bairwa
8608,shyam bihari
8609,bilal
8610,Vigrah
8611,dharmender kumar
8612,punia
8613,sundar lal
8614,meenu kumar
8615,rajiv goyal
8616,kirshanpal
8617,Indukant
8618,kanheya
8619,Baneet
8620,uma shankar soni
8621,Poorvaj
8622,Randhir
8623,Mandhatri
8624,vedh prkash
8625,ran jeet singh
8626,lakky
8627,mohd sakil
8628,Tarun
8629,prem singh bidla
8630,chiranjavi
8631,parmod
8632,Hari
8633,neetu
8634,aarif
8635,deepak tomar
8636,ratneswar mishra
8637,sabid
8638,unknownmonu
8639,Vedant
8640,akhlish kumar
8641,Vanamalin
8642,kapil kumar
8643,Anand
8644,aashish bhartdwaj
8645,sher mahomad
8646,radhamohan
8647,rafiq ahmed
8648,rukshan
8649,dinesh siriwastav
8650,mitnu & santhosh
8651,shivnath shah
8652,nabi hussain
8653,Jilesh
8654,gufran khan
8655,gulab singh
8656,Toyesh
8657,ganesh kainee
8658,naitikkanaya
8659,aasif
8660,akshit
8661,anand msingh
8662,Nartan
8663,pinki gupta
8664,Prabodh
8665,ravinder prakash
8666,pradeep saini
8667,rihan
8668,sachin lakhera
8669,amina singh
8670,Sanvah
8671,beekar singh
8672,sukhveer singh
8673,moh raees
8674,Dinar
8675,Tatya
8676,hamid
8677,Kunal
8678,rituraj
8679,sikender
8680,Ulhas
8681,layman paswan
8682,mohar snigh
8683,rajaram
8684,raju jha
8685,kamal kishor
8686,bijendra kumar
8687,rajkumar chawla
8688,sahrukh khan
8689,sanjay sunil
8690,krish
8691,Taraksh
8692,Sarvak
8693,awdesh kumar
8694,p dinesh raju
8695,zafar alam
8696,munish singhla
8697,rahul sisodiya
8698,rajpal sharma  mahadev prasad
8699,kulli
8700,Janesh
8701,munder lal
8702,Aksat
8703,partik munchal
8704,Sachh
8705,mukesh gurjar
8706,kulwinder singh
8707,rahul tiwari
8708,puneetarun
8709,somprakash
8710,vijay kapoor
8711,khangara ram
8712,istyara ali
8713,lalit kumar
8714,Atman
8715,syed arafat husain
8716,sahil bohlu
8717,Vidip
8718,radhyshyam
8719,ramdhin gujair
8720,basant
8721,sandeep narwal
8722,Jayachand
8723,Milind
8724,yash
8725,kamlesh kumawat
8726,babu lal
8727,libin lukkha
8728,birij kisor
8729,Harina
8730,karmveer singh
8731,ashish solanki
8732,avdesh kumar yadav
8733,harish rahman
8734,kirorimal
8735,Ranjiv
8736,Vajrajit
8737,kuldeep guptashivam
8738,hanif khan
8739,prayatan prabhas
8740,punit sharam
8741,tapan mandal
8742,master
8743,mushir
8744,shivcharan
8745,harish sharma
8746,pritesh
8747,pramod gupta
8748,ram kishor
8749,Achalraj
8750,Mansukh
8751,parmo kumar jain
8752,yogendra
8753,Prasad
8754,rizwaan
8755,nirbhay tiwari
8756,umardaraz
8757,Amitabh
8758,ramkumar
8759,Unmesh
8760,akaash singh
8761,Alaap
8762,sunilfouji
8763,kamre alam
8764,Dipen
8765,ajmer
8766,chandrram
8767,chottu shah
8768,sh veer singh
8769,vidya nand jaiswal
8770,Vidyasagar
8771,pavnesh
8772,rakesh kumar arora
8773,kartik
8774,ramtek
8775,shivraj singh
8776,meharban
8777,ankur gupta
8778,mahesh khuranamonu
8779,laxmi shah
8780,Udbhav
8781,Bhagat
8782,puspak kandpal
8783,parvej alam
8784,devendr
8785,Gurdayal
8786,Harshul
8787,nawaz sarif
8788,sundeep kumar singh
8789,satish kannaujiya
8790,lakshaya sharma
8791,desh  deepak pandey
8792,yashshashi
8793,Advik
8794,Charudutta
8795,Samaksh
8796,tej pal singh
8797,hari mohan
8798,ronak
8799,amit pooja sanjay rakhi
8800,mohd parvez
8801,amit pande
8802,jagdish ram
8803,majid ansari
8804,sumer
8805,anand kumar mishra
8806,akib
8807,shrinath prasad sharma
8808,sumender pradhan
8809,harish saharan
8810,prempal
8811,kayum
8812,aatif
8813,Lokprakash
8814,shish ram
8815,modh israil
8816,Sidak
8817,Abra
8818,parshu ram singh
8819,Vandan
8820,abishek kumar
8821,bholu ram
8822,Siddheshwar
8823,harak khatri
8824,pintu kumar
8825,Yatharth
8826,rajesh james
8827,ajay mannu
8828,vrthomas
8829,Roshan
8830,Sankarsana
8831,mangeshwar
8832,shkil khan
8833,chanda ram
8834,Sujal
8835,sanjiv pathak
8836,Rohitashwa
8837,nathuram
8838,ramvihar chorsiya
8839,mohd uved
8840,vikram bahadur
8841,jai kishan gupta
8842,Kushad
8843,Sanvaran
8844,shashank
8845,gurdeep
8846,hardeep gauttam
8847,Vimal
8848,basanta
8849,Bijoyanada
8850,Iresh
8851,parmeshwar
8852,pintu tarfdar
8853,sagar choudharychunnu
8854,nitu
8855,Kalidas
8856,manuvar hussain
8857,ganesh malik
8858,sudesh
8859,sidhart shukla
8860,dinesh mongia
8861,ajay manjhi
8862,Lohit
8863,deepan dev
8864,roshan ram
8865,tejpal
8866,Vijayant
8867,arvind
8868,saddam
8869,rakesh yadav
8870,Shailen
8871,arun
8872,Suresh
8873,mohdamir
8874,anup
8875,tahir mohmaddi
8876,kamla prasad
8877,raj dev singh
8878,pradep
8879,Sachchit
8880,raj kishor mishra (work kartar ply wood factory kh
8881,molu
8882,ct sandeep singh
8883,kuldeep kasyp
8884,mahendra singh chotele
8885,surya narayan mukhiya
8886,Pushpakar
8887,Pravar
8888,sh labh singh
8889,Savitendra
8890,shubhm
8891,rana
8892,mahtab
8893,satish chander jha
8894,jagdish kumar
8895,michael
8896,sajid
8897,agyapad bhatya
8898,jai gopal
8899,Sukumar
8900,chajju singh
8901,dharam raj
8902,rakesh jatav
8903,Atmajyoti
8904,ram gopal
8905,nanhe
8906,Dharmadev
8907,rakesh  singh
8908,Mukta
8909,kanhaiya urf kare
8910,Luvya
8911,Prahlad
8912,rakesh chhatwal
8913,manoj khanduri
8914,sunny kumar
8915,mohdafzal
8916,kusumakar mishra
8917,Ojayit
8918,balraj
8919,vipun kocher
8920,jitender kumar
8921,bunda ram
8922,tufail ahamd
8923,Prajit
8924,surajpal
8925,pradeep
8926,keshram
8927,Bharat
8928,bhupender kumar
8929,ashok jarwal
8930,Chander moon
8931,ram sawer
8932,surenderramu
8933,Umeshwar
8934,Gurudas
8935,ramkumar tiwari
8936,mister
8937,shanwaj
8938,avinas mourya
8939,abdul ahad
8940,hazrat ali
8941,pawan kumar
8942,inderpal singhshanni
8943,poma ram
8944,shayam
8945,sunil chopra
8946,Pukhraj
8947,mehak singh
8948,Divit
8949,afshar
8950,karnesh
8951,hashrat
8952,aaqif
8953,Parthasarathi
8954,arnab
8955,sachin gupta
8956,vijay rajpoot
8957,Sarang
8958,Satyamurty
8959,Nishith
8960,Vatatmaj
8961,sant ram
8962,Purandar
8963,saurabhchhotu
8964,Balendu
8965,laxmanram
8966,abhishek  sharma
8967,Madhav
8968,Phanibhushan
8969,hom prasad tilija
8970,amrish dixit
8971,Charanjit
8972,Chirayu
8973,sanjeev 
8974,mahender sharma
8975,sudhir mno8295508258
8976,sakirsahil
8977,Hiresh
8978,rakesh alias kalua
8979,shyam chirag
8980,afjal
8981,anuj
8982,rajeev kumal
8983,raju alias rajaram
8984,mohdwahid
8985,shahruf
8986,mrbhagchand
8987,bhagat ram
8988,jhalla re
8989,kiran kumar
8990,Niteesh
8991,kanhiya thakur
8992,Pradyot
8993,Daruka
8994,jairam singh yadav
8995,Manavendra
8996,Nirad
8997,mohd kamran
8998,Nitesh
8999,rajeshwarmoni
9000,lalitgolu
9001,Siddhanta
9002,najim urf babbu
9003,rajesh ram
9004,jaiprkesh
9005,thakur das
9006,Ghandeep
9007,vipin kumar panday
9008,bunti kumar
9009,kuwar pal singh
9010,kheem singh
9011,Siddhanath
9012,misri lal
9013,Hiranmay
9014,veer
9015,amar bazaz
9016,Shresth
9017,sunder singh
9018,Rohtak
9019,omendra singh rajpoot & kana
9020,mukesh aarya
9021,arvind agarwalpinto
9022,ganga bhagat
9023,dharmender sahu
9024,patric meter
9025,sonu
9026,Manindra
9027,aakash chaudhary
9028,hasibul khan
9029,sumit verma
9030,suleman
9031,sukar yadav
9032,Vedamohan
9033,Ushapati
9034,aditya som
9035,avnish kumar
9036,alijan mansuri
9037,bishesh kumar
9038,Praket
9039,veeri singh
9040,Navrang
9041,subhamvikash
9042,mannimanish
9043,nishant sharmagaurav
9044,khemchand
9045,dhruv goel
9046,shrikrishna
9047,Manoranjan
9048,vedanand mishra
9049,mohd sarfarazfarazi
9050,munkad ali
9051,manmeet kumar
9052,mahaveer mehto
9053,kamal kumar
9054,Puspaj
9055,ram sagar
9056,samad
9057,pankaj  kumar
9058,vikashmungeri
9059,amrik singh
9060,rajesh kumar paswan
9061,Somasindhu
9062,mohmmad  sarif
9063,manoj saini
9064,Sachin
9065,mahinder singh
9066,galubiraj
9067,dhuruv shetty
9068,Mudit
9069,tajinder
9070,jogender
9071,ram narayan
9072,kamal kumarguddu
9073,bharat bhushan
9074,sunder
9075,kaushallala
9076,naajim
9077,Pinakin
9078,akhileshwer
9079,Maheshkumar
9080,Devansh
9081,Viplav
9082,chandra shekar
9083,Swethan
9084,Vimlesh
9085,yatinattu
9086,Eashan
9087,sat prakash
9088,Sundar
9089,bharat damor
9090,pabu dan
9091,ajay singh rajawat
9092,sanjiv kumar jain
9093,jai kailash
9094,Mahipal
9095,chatan
9096,rahul nath gupta
9097,Monish
9098,Vidojas
9099,Satvik
9100,kundan singhrichapal singh
9101,ujjawal upadhyay
9102,devendra
9103,kartikkaku
9104,Muktanand
9105,mitlesh kumar mishra
9106,tauseek
9107,Urmiya
9108,bittoo
9109,abu talha
9110,nitesh shyam
9111,Shashish
9112,amreek singh
9113,Vanij
9114,hari ram sani
9115,venkatswaran rama swamy
9116,Narhari
9117,sudarshan
9118,vijay tyagi
9119,Kaylor
9120,manishannu
9121,Jwalaprasad
9122,rajdut
9123,sh rajendr
9124,balkishan rai kanhiya
9125,Ina
9126,lakhami singh
9127,Jay
9128,Manjughosh
9129,pargat singh
9130,gourav jain
9131,Praveer
9132,mohdasif
9133,monu nanki
9134,amiri kumar
9135,raj kumar yadav
9136,fulmiya
9137,prem chandra joshi
9138,vijeta
9139,prince kumar
9140,Pranav
9141,Darshit
9142,Ajit
9143,Ganak
9144,sammiuddin
9145,madan mohan meena
9146,piuesh
9147,Ashwin
9148,Varun
9149,shahib kumar
9150,Urav
9151,yash goyal
9152,jaswant
9153,tajwar singhmukesh
9154,jagdambika
9155,mitthun
9156,raisuddin
9157,sorab
9158,aman sharma
9159,prakash
9160,Ketak
9161,annuoliva
9162,sadab(khura)
9163,Pushpak
9164,Samarajit
9165,Ariv
9166,asrf
9167,gopal krishan
9168,Charan
9169,rajivraju
9170,Keertan
9171,mansoor alam
9172,Nirajit
9173,nadaim
9174,Shivank
9175,vivek rohan
9176,praful naag
9177,ramchandr
9178,deepak yadav
9179,uma ram
9180,jagmohan
9181,saurabh 
9182,anish khan
9183,moolchand urf banti
9184,aniket
9185,abbas
9186,Hrydesh
9187,kaluram
9188,avfesh
9189,bharatdholu
9190,roshan kumar
9191,taufik alam
9192,pappe das
9193,Manvit
9194,ravindra kumar
9195,surender pal
9196,pardeep saini
9197,vikesh
9198,al0k awasthi
9199,ahsan salmani
9200,girishi chand
9201,daljeetrahul
9202,shree nanak
9203,naresh kuamr
9204,jitender
9205,shjad ali
9206,"Ninad , Ninaad"
9207,shri ram narayan dass
9208,Upendra
9209,Upen
9210,jai
9211,Abhijay
9212,ali sher
9213,allauddin
9214,jamaal
9215,Achlendra
9216,prabhakar pandey
9217,Lailesh
9218,jeevan suyal
9219,mohd anwarulhaq
9220,Tridib
9221,Kunwar
9222,maryam
9223,puran mal
9224,shekh malik
9225,Arnav
9226,nitin babu
9227,Nandakishor
9228,manoj sethi
9229,Shakti
9230,harjeet singh
9231,mangal chand
9232,natthu
9233,Pinak
9234,shayam sunder
9235,ajayankit
9236,vikas kumar singhpappu
9237,aryan
9238,mohd arman
9239,sanjay kumar 
9240,mohd monish
9241,sorabhshubham
9242,subhash aurao
9243,sunil burman
9244,kishor negi
9245,neeraj vermachotu
9246,Hemant
9247,Ravana
9248,Shalok
9249,ibraheem
9250,Urvansh
9251,saddham
9252,Ugresh
9253,horam
9254,ram jiyavan
9255,sanjiv kumar
9256,aditya prasad
9257,nizamuddinmonu
9258,rajan verma
9259,Sahaya
9260,gulshan kumar
9261,attar
9262,Savit
9263,yogender choudhary
9264,rohit kumar
9265,Abhinandan
9266,harishkala
9267,mithun malakar
9268,mool chand sharma
9269,Nirgranth
9270,gaurav singh monu
9271,Raju
9272,Saatatya
9273,naresh singh
9274,randhir kumar
9275,sanjiv
9276,deepak maan
9277,manphool
9278,dalip
9279,ganga sahey
9280,rajiv madhur gupta
9281,salinder
9282,istharnanna
9283,sohnal kumar singh
9284,virender jain
9285,alok
9286,kaval raj kapoor
9287,Sadhin
9288,rohan haldar
9289,shahrukh tauhid
9290,sangram singhgujjar
9291,jitenderann
9292,ramwatar
9293,shayam kumar
9294,sabbar pappu
9295,vinit
9296,soni prasad
9297,Gaurang
9298,arun mishra
9299,trilok agrawal
9300,rohan kumar
9301,Sammad
9302,Sushim
9303,Tamila
9304,dalpat
9305,lalan singh
9306,ragib
9307,Shankhi
9308,arshad
9309,Parvatinandan
9310,hemant pal
9311,mahinder yadav
9312,aansu
9313,lovlyladi
9314,vinay kumar
9315,Sahojit
9316,aas mohd
9317,pawan malhotra
9318,shoyab 
9319,himanshu gautam
9320,anil sen
9321,nadhim
9322,bansilal
9323,ram chander
9324,shri parkash
9325,atul kumar
9326,mehruddin
9327,sunil janu
9328,kaleram
9329,shreeniwas sharma
9330,sachin pal
9331,surender singh
9332,sajjan
9333,Kapi
9334,Abhijat
9335,rajnish dev
9336,ankala praveen
9337,Shavas
9338,vibhash 
9339,abdul rahuf
9340,aman kumar
9341,sanny kumar
9342,chandra
9343,om parkash
9344,sahbuddin
9345,shree bhagwat nishad
9346,benay kumar dube  surendpati dube  baradaha
9347,Kamlesh
9348,rijakpal
9349,sainky
9350,Sasyak
9351,Rukminesh
9352,stifen john
9353,mohit sharma
9354,nirmal adhikari
9355,vijay bansal
9356,buhan chandara
9357,Neji
9358,Viamrsh
9359,sujal
9360,Yogendra
9361,Pratap
9362,bhavishya
9363,bhawan singh gusain
9364,parsuram prasad
9365,akhilesh kumar
9366,hazari lal
9367,dheeraj passi
9368,kirshan
9369,Suryaprakash
9370,manish kushwaha  ramesh
9371,ansal topo
9372,parmod kumar pal
9373,saddiq rehmansaddam
9374,kishan rai
9375,murli dhar
9376,ashish
9377,mikel
9378,jitinchunni
9379,hardas singh
9380,anil chouhan
9381,sahil khan
9382,gyanender singhjawahar singh
9383,Ekalinga
9384,kabila
9385,liyakat ansari
9386,janwi chaudhary
9387,Nishesh
9388,amarapal
9389,chunni kumar
9390,Vinayak
9391,Vidhatru
9392,salman ahmad
9393,Prabal
9394,shamsuddin
9395,satya
9396,Dharmendra
9397,munna
9398,subodh
9399,mohd suleman
9400,rajkumar khanna
9401,ranjeet
9402,shivji  mathur
9403,shankarlal
9404,chandermani
9405,mohd hanif
9406,Narsimha
9407,mujaffar
9408,inder singh sawant
9409,mahender dhanna ram
9410,rajesh patra
9411,anurudh
9412,satrughan muttun
9413,Saujas
9414,ravi bhushan
9415,umang guptachiku
9416,shivam 
9417,Prabir
9418,vipendra singh  mahendra singh
9419,fida hussain monu
9420,rajesh gupta
9421,kumail
9422,love soni
9423,shri memraj
9424,hari ram
9425,Dheeraj
9426,Sudhang
9427,dheeraj singh
9428,dinesh jain
9429,Niketan
9430,sumit risidev
9431,alikhan
9432,Pranet
9433,saidas
9434,chhanoyar shekh
9435,Dilip
9436,gaurav chhabra
9437,sanwar lal
9438,mangu
9439,devid rana singh
9440,gopal tiwari
9441,ghansyam
9442,Gandharv
9443,ali warish
9444,ganesh
9445,udaiy kumar
9446,Venkat
9447,amit bansal
9448,bhuwan
9449,Vyom
9450,Sahendra
9451,sujit kumar
9452,suraj bhan
9453,devendersonu
9454,tarun soni
9455,Sriashwin
9456,Sparsh
9457,abhilashdabba
9458,Keshav
9459,sarvesh
9460,ramesh chand
9461,shiraj
9462,pardeep singh
9463,shalender
9464,ammar
9465,praveen kumar pal
9466,Raj
9467,keshar
9468,riyaz
9469,Panshul
9470,Ramesh
9471,amit kumar shukla
9472,umesh chand
9473,Jasapal
9474,dev nanden choudhary
9475,jabir hussain
9476,prem kumar
9477,Taran
9478,harpal
9479,bhuvneshwarmunna
9480,anil dhar
9481,arjun sahni
9482,Jaisinha
9483,mohit mathur
9484,chotelal
9485,hardam kumar
9486,taleem
9487,bir singh
9488,sahdab
9489,sumit chakarwarti
9490,shyam rana
9491,shiva singhal
9492,bhanwar singh
9493,Vishwambhar
9494,sidarth sharma
9495,Nandak
9496,chura bahadur
9497,surendra kumar
9498,arindra
9499,sheikh sadam
9500,Shwetanshu
9501,imaman
9502,Raahi
9503,mubarik ali
9504,Ishir
9505,kapil aroda
9506,Manidhar
9507,arun kumar
9508,radhe shyam
9509,Yojit
9510,ramesh babu
9511,nand ram
9512,subhaspiyus
9513,Shamakarn
9514,Ushraayush
9515,sri
9516,samimsonu
9517,devi lal
9518,laxman shah
9519,ratan singh
9520,jalsingh
9521,bhupender singh
9522,noore alam
9523,salim
9524,kamaljeet
9525,pardeep rahul
9526,kanahiya soni
9527,mohd ataullah
9528,mohan lal keer
9529,nandram
9530,laliya
9531,ramnathrahul
9532,jafar ali
9533,mohhmad shahil ragraj
9534,tarunmonu
9535,Vijayendra
9536,harbhajan singh
9537,Archa
9538,javed abbas
9539,lateef khan
9540,teerath ram
9541,binani
9542,trijugi narayan sukla
9543,sandeep meghawal
9544,vikash
9545,jainab
9546,himashu chabra
9547,Umakant
9548,mahesh chand tiwari
9549,chetram gurjar
9550,Yashpal
9551,jasveen
9552,lucky rana singh
9553,tavraj
9554,ruplal kumwat
9555,Durvish
9556,Tarachandra
9557,alamin
9558,Manoj
9559,parvindermanoj
9560,inder dev singh
9561,sher khan
9562,mohd rizwan
9563,Arav
9564,Kirtibhushan
9565,bhulan kumar
9566,deepaksourav
9567,Puranjay
9568,Shobhan
9569,himanshuannu
9570,viriya kher
9571,gaffur khan
9572,Ritul
9573,Ashutosh
9574,subhash singh bisht
9575,sukhdev manjhi
9576,dhulin
9577,narayan ram
9578,surender kumar
9579,ankithappy
9580,kalla
9581,bhushan kumar
9582,dheeraj kumar
9583,ram milan
9584,pervinder
9585,Sheshdhar
9586,jagdish parsad  mohru lal
9587,Dhananad
9588,fakir singh rawat
9589,ravi kumar  ajay kumar
9590,kaushal
9591,naimuddin
9592,lakhan bajadur
9593,Veerbhadra
9594,Vayu
9595,sarvash prashad
9596,shagufta
9597,islamudin
9598,jishan khan
9599,Vajendra
9600,mukul kumar
9601,mohd gulfan
9602,vishaldeepak
9603,harish chand dua
9604,kalyan
9605,himanshu mahajan
9606,araslan yusuf
9607,Lochan
9608,imamudeen
9609,sartaj ali
9610,penzin kunga
9611,jitender rai
9612,puspendar
9613,ratnesh
9614,Japendu
9615,Madangopal
9616,prakul
9617,Bhanuprasad
9618,jai pal
9619,Madhukant
9620,kohinoor
9621,shankarlal  sukharam
9622,aman
9623,ajay halder
9624,guljar
9625,sobifarhan
9626,karamvir naagar
9627,Patag
9628,sonuakil
9629,gajender singh
9630,nishu
9631,samon
9632,Bhuvanesh
9633,udmai ram
9634,Shanyu
9635,"Naagpal, Nagpa"
9636,Shantanav
9637,Kaushik
9638,jai kishan
9639,shakir
9640,sudhanshu kumar kiran
9641,aamosh jacab
9642,chosh singh
9643,ajay negi
9644,Santanak
9645,Sunil
9646,Inesh
9647,Vibhas
9648,yogender jha
9649,omprkash
9650,revd
9651,Mrigankmouli
9652,vikramjeet kundu
9653,makrud alam
9654,nitin shukla
9655,shaikh ajamat
9656,vishvash
9657,ramulu bumulu
9658,munnawar ali
9659,zahir miyan
9660,Tirthankar
9661,opendar singhtinkal  rajpoot
9662,Mithran
9663,nikhil yadav
9664,Shripati
9665,bitto
9666,Vibhut
9667,ashok babu
9668,ram niwas
9669,Suryanshu
9670,ramu urf rambabu
9671,ishwar ram
9672,kasim ansari
9673,Amulaya
9674,balram bhandari
9675,amandeenu
9676,jagdish mushar
9677,nanu ram
9678,Paran
9679,mohd ashikeen
9680,tamana
9681,gurmit singh
9682,faran
9683,suresh chander
9684,sanand jha
9685,tanmay dev nath
9686,Yeshas
9687,leo paul
9688,Vardhan
9689,manoj kumar
9690,gyandeep
9691,ramvilash
9692,bittoo sahani
9693,Saksham
9694,jeete
9695,hardeep
9696,jaipal singhmanoj
9697,vikjay kumar
9698,vikrant singh panwar
9699,mohit dua ji
9700,Sanjval
9701,deepanker
9702,mehandi hasan
9703,panna lal
9704,shyam pratap singhhappy
9705,kamal singh
9706,sita ram
9707,mangla ram
9708,fahim ullah
9709,mohd  asif
9710,shri gangabal singh
9711,rahis ahmed
9712,vinay kumar upadhayay
9713,mahendra yadav
9714,sorbh
9715,mohamad sahajeet
9716,shivam kosik
9717,anjan jha
9718,amandeep singh
9719,Krunal
9720,Ujjwal
9721,shahrukh khan
9722,Vinkur
9723,sh ram lal
9724,ratwari chaudhary
9725,goutam
9726,birju
9727,harishankar verma
9728,rajat garg
9729,balram singh
9730,Asvathama
9731,mazhar
9732,Sharman
9733,ansar
9734,durgesh
9735,Khagendra
9736,shailesh
9737,devender kumarashu
9738,jagjeet singh
9739,Jainil
9740,chandan ram
9741,kouchu
9742,Samarjit
9743,rafiq
9744,sanjayrajender
9745,prakash soni
9746,kawa lal
9747,asarfi lal
9748,atul verma
9749,kishan agrawal
9750,lakshit pandey
9751,jahid
9752,vipul agrawal
9753,mohd ahmadguddu
9754,Pushkal
9755,surjeet singh banjara
9756,vikash jain
9757,shishul pal
9758,Thaman
9759,manvir singh
9760,ramkumari devi
9761,john
9762,Aadit
9763,mohd sajim
9764,Sabal
9765,akhil kumar
9766,madan lal shrama
9767,rajinder singh
9768,aatif ali
9769,gamer das
9770,devanand
9771,ajeet singj
9772,irfansonu
9773,raeeyan
9774,Kartheek
9775,rajender kand pal
9776,vipin
9777,piyush
9778,sanjayghasu
9779,aman singh
9780,janesh
9781,mohd iliyasfiroj
9782,Sai
9783,manak rebari
9784,bijanderbinder
9785,lali
9786,satvir singh
9787,udai narayan panda
9788,Srijesh
9789,Karnabhushan
9790,jaanu
9791,mohanhemant kumar
9792,raj kamal
9793,dharmvir
9794,amitgajju
9795,Rakshan
9796,saurabh kumar
9797,noor hassan
9798,Saibya
9799,parveen  kumat saini
9800,shambu gujar
9801,prem nath pandey
9802,chet ram
9803,sajruddin
9804,mehboob ali
9805,robert forsis
9806,Namit
9807,suraj pal
9808,ajay god
9809,Visvajit
9810,Sukesh
9811,salman khan
9812,mohd kaish
9813,rajendra
9814,mithun
9815,Mangal
9816,nabal ahamd
9817,nishant chintu
9818,vinodbadri
9819,Siddhadev
9820,mohd gulzar
9821,gyan prakash
9822,moolchul
9823,mohamad umar
9824,mohd raja
9825,kalu lal meena
9826,Lalit
9827,nirmal
9828,punkaj
9829,mannulal
9830,Janya
9831,Ayush
9832,balwant ray arora
9833,Shantidev
9834,hanuman das
9835,Vishwas
9836,kishan chandrahul
9837,Krishav
9838,Lalitchandra
9839,faran singh
9840,raj kumar choudhry
9841,himanshu praser
9842,Vishodhan
9843,naval jha
9844,ramchandra
9845,nikhil chopra
9846,jagdish sharma
9847,bechan pal
9848,mhd firoz
9849,pawan kumar sharam
9850,nandkishore karpenter
9851,devanand tripathi
9852,Diler Brave
9853,sarvjeet singh
9854,akshatvashu
9855,faim
9856,gyanendra
9857,devender puri
9858,chandra mohan saden
9859,rajesh god
9860,vikash arora
9861,narander
9862,amir hasan
9863,chetan chawla
9864,Kushan
9865,razim
9866,surjeet
9867,savananju
9868,Shvetanshu
9869,sudhir kumar
9870,vijay ghimre
9871,somnath banarji
9872,Samit
9873,Mrtyumjaya
9874,anurag tiwari
9875,rajurahul
9876,nanku prasad
9877,abhash vermaabhishek
9878,Balwan
9879,mandu ram
9880,sidharth vermani
9881,dauji
9882,ratan lal sharma
9883,Dhananjay
9884,Shrivatsa
9885,Ranbir
9886,Samsung singh
9887,sikandar
9888,Tulasidas
9889,har parsad
9890,sonu mehra
9891,nathulal
9892,adarsh
9893,jakh bahadur
9894,ish sethi
9895,Dharmakeerti
9896,gaffar
9897,Samen
9898,Ambarisha
9899,rakkibhul
9900,ramesh ram
9901,veer singh
9902,Vibhor
9903,kaishav
9904,Ratnanidhi
9905,kabal singh
9906,princepungari
9907,kush
9908,Madhav Krishna
9909,naseem ahmed
9910,jishan rehman
9911,Athervan
9912,vishal chaudhary
9913,Santatey
9914,Ranak
9915,mahesh kumar munna
9916,Pramit
9917,Devkinandan
9918,Lokbhushan
9919,rajdev bind
9920,bhima
9921,shahabuddin
9922,mo farman
9923,Rachit
9924,Seduka
9925,Jagadev
9926,mohd suhail
9927,mohan lal sharma
9928,andhav
9929,kishn lal
9930,Dayanand
9931,viney parkash
9932,imtiyaz
9933,Aswad
9934,sachin bhavi
9935,vickygaggi
9936,yadram
9937,jhaban
9938,Puneet
9939,mohd sultan
9940,parmod kamat
9941,Saswata
9942,Samajas
9943,shekhar chand
9944,dana ram
9945,afzal ali
9946,bhagat singh
9947,Atiksh
9948,Pramukh
9949,tanvir
9950,riyajuddin
9951,Ketubh
9952,Mitesh
9953,Jinendra
9954,madan pal
9955,Purav
9956,shaturughyan chaudhary
9957,taushif raza
9958,Jyotirdhar
9959,sabbir
9960,prem chand
9961,Soumava
9962,rinkoo
9963,Prashant
9964,aanil yadav
9965,ravinderrinku
9966,Prabhakar
9967,rajavikash
9968,amuchla barman
9969,Satvat
9970,dinesh singh
9971,rajbir singh
9972,Sadiva
9973,rohit thapa
9974,Vallabha
9975,Aditya vardhan
9976,amar thuruwasn ganeshwaran
9977,riyajudhin
9978,pradeep kumar chauhan
9979,vivek ratan
9980,babulal
9981,Manpal
9982,ram ayodhya
9983,Sanat
9984,yogesh rawat
9985,amit gupta
9986,javedchota
9987,mayak
9988,amit diwan
9989,chander sekher
9990,kanwar baljit singh
9991,Samay
9992,sureshpappi
9993,mishrilaal
9994,ashok kumar gha
9995,sachin rajput
9996,sadiq
9997,kalusurjan
9998,shanwaz anwar
9999,Maniram
10000,parven
10001,parkash
10002,Sasta
10003,navneet singh negi
10004,gaurav tyagi
10005,rahul shukla
10006,anil singh maharwar
10007,anjali
10008,satrohan saday
10009,naveen kumar pandit
10010,ahamad
10011,nishantmonti
10012,gopal dhakad
10013,neeraj sahgal
10014,Dhiren
10015,Pujesh
10016,kalu sanjya
10017,jatin
10018,Ratnabhu
10019,omperkash
10020,Devaraj
10021,Omswarup
10022,Chaturanan
10023,ajay kumarn mishra
10024,Narinder
10025,jagdish kalra
10026,bhimsen
10027,Satesh
10028,kedarmal
10029,ankush
10030,Daniel
10031,kartar singh
10032,modh danish
10033,vivekanand mishramunsi
10034,ashishi aggarwalbittoo
10035,virender sehrawat
10036,kingkar mandaldeepak
10037,akshpaat
10038,roshan  kumar
10039,Shubhojit
10040,beeru
10041,Sanyat
10042,madan mohan lal
10043,nadir tanzeem
10044,Parvesh
10045,souvik banerjee
10046,unkar meena
10047,sohan singh urf rupsingh
10048,ikramuddin
10049,nipun rathee
10050,bundel sahni
10051,allabaksh
10052,Goshanraj
10053,krishan kumarpappu
10054,ompal
10055,mayank
10056,Nimai
10057,rohitash
10058,aasha mehta
10059,gopesh
10060,Ranajay
10061,Prayadarshi
10062,Shivam
10063,Saumitra
10064,munna ram
10065,pramod choudhary
10066,vikas kumar
10067,Aahwaanith
10068,shobha ram
10069,laka ram
10070,rajeev gupta
10071,pujja
10072,azad
10073,Subali
10074,Tuvijat
10075,neeraj bhatt
10076,laxman rao
10077,choturam
10078,parash das
10079,mool chand
10080,iswer singh
10081,furkhan
10082,Padmalochan
10083,zaheer ahmad
10084,ramesh chand tirvedi
10085,narendra nagda
10086,aarif khanbablu
10087,sakal deep
10088,satnam singh
10089,shahid khan
10090,alok jha
10091,durvesh
10092,lalita
10093,ishatkar
10094,Shrikant
10095,Gandharaj
10096,Vasumat
10097,ram naywaj singh
10098,uday
10099,Akyhielan
10100,israr
10101,pravendra
10102,neelkant sharma
10103,goluramtrilok
10104,givinda
10105,vijendar
10106,Nishar
10107,puran chandra bahuguna
10108,hareshwar prasad
10109,malkeet singh
10110,mohan
10111,raju verma
10112,akash rajput
10113,Shrava
10114,Havish
10115,pawan singh
10116,suresh talwar
10117,dharmvirraju
10118,Alok
10119,ansu kumar
10120,raj  kohli
10121,Deependu
10122,lokendra pal singh
10123,kumod yadav
10124,nasrul
10125,Adish
10126,vicky kc
10127,kapiil shah
10128,jay kumar
10129,Ujas
10130,Ambud
10131,vikram goswami
10132,Sanskar
10133,anil kumar
10134,anuj sharma
10135,mithu lal
10136,abdul hamidpammi
10137,rajendra kumar
10138,dilsah hassansambhu
10139,tajuddin
10140,"Nishakant, Nishikant"
10141,rajeshkalu
10142,Sridatta
10143,lakshay
10144,shakirbau
10145,Sanag
10146,raju gharami
10147,ibrahim mohd
10148,madhan singh
10149,mohammad jaan
10150,Navaneesh
10151,lakshman sah
10152,surenderprince
10153,yogender kumar gupta
10154,sajid hussain
10155,sheak shakir
10156,Shaan
10157,shiv kant paswan
10158,Sujay
10159,nabijan
10160,ashish malodia
10161,sachin verma
10162,ghan sayam
10163,ashwani saluja
10164,megh singh
10165,girish singh patwal
10166,mohd mujahid ansari
10167,Mranalini
10168,mahabir prasad
10169,hemanshu
10170,arun kol
10171,pankaj ratori
10172,raman sharma
10173,abbas mehndi
10174,Kushal
10175,sulender
10176,anupam
10177,Umachandra
10178,Neelamani
10179,inderjeet singh
10180,sahabudeen
10181,aabid khan
10182,ram naresh
10183,vipin thakur
10184,nijamuddin
10185,raju kuswha
10186,harun
10187,patender
10188,ranjan singh rai
10189,vikas
10190,shri ram mehto
10191,abhisek sharma
10192,Ullas
10193,Animesh
10194,ankit
10195,sirazudeen
10196,Snehil
10197,jayantadass
10198,saeed
10199,muskuran
10200,Ranesh
10201,Shitiz
10202,Vayunand
10203,abdul gani
10204,jaiparkash agawal
10205,arun kumardhasmana
10206,sarain
10207,aditiyasumit
10208,devinder
10209,bharat taneja
10210,Saunak
10211,Namish
10212,Yug
10213,Raudra
10214,md
10215,raju lal
10216,deepak bhatt
10217,bhupender
10218,zameer ahmed
10219,Nartana
10220,Suchit
10221,harish arora
10222,basibul
10223,Sandy
10224,buddhi singh
10225,mahender mishra
10226,yogender kumar
10227,usha
10228,shri  rupa ram
10229,saleem
10230,umar farukh
10231,vikram
10232,dinesh  sen
10233,govind barigoma
10234,aalam singh
10235,varun bansal
10236,ram lal
10237,sanjeev panday
10238,meenu
10239,rambharos
10240,gulshan grover
10241,ram sureshbabloo
10242,yogesh chahar
10243,upender
10244,bishun
10245,musibat aki
10246,prakash chand meena
10247,chunni
10248,sh pankaj khurana
10249,bharat
10250,Heramba
10251,prabhu
10252,Satyaprakash
10253,nihalchand
10254,narayan rawat
10255,raghav sharma
10256,mohamad
10257,Suyamun
10258,Kalikesh
10259,sumit mitra
10260,Udyan
10261,Gurnam
10262,mahender chaudhary
10263,vimal kumar
10264,ved kumar yadav
10265,sandeep kasera
10266,annu
10267,kailash garg
10268,aasish  kumar
10269,raj golu
10270,ramlakhan yadav
10271,Shrivardhan
10272,ganpat
10273,sajjan kumar
10274,dimpuranbir
10275,Shivadev
10276,ashish dixit
10277,dharambir
10278,Abhineeth
10279,kunal
10280,mohd farhan
10281,sumit bhasin
10282,Mukunda
10283,shri  chatru
10284,sanjay  deep chand
10285,phoolwatiphoolo devi
10286,shankar lal verma
10287,ramlal
10288,Vimalmani
10289,khamchand
10290,brij bhusan sharma
10291,Tirranand
10292,Vividh
10293,Jagatkishor
10294,Nandin
10295,tasleem
10296,yograj
10297,jagat narayan
10298,sagar bist
10299,anil singh kushwah
10300,Udjith
10301,surjit
10302,"Pavansut, Pavanputra"
10303,dinesh garg
10304,sorav
10305,ramswroop
10306,ravi chandra natarajan
10307,mayur bhatia
10308,ravi teja nikkam
10309,jadu nath
10310,prem singh negi
10311,adalat mahto
10312,bhupendra
10313,irfan salmani
10314,lekose joseph
10315,satpal morya
10316,tulsiram
10317,umasankar
10318,shispal
10319,abdul kadirjilani khan
10320,amit sharma  late dev sharma
10321,jaidul ali sekh
10322,megharaj kirad
10323,siwani
10324,salmam
10325,avtar singh
10326,sunilrawat
10327,satish chand jain
10328,Amar
10329,mohardi
10330,mathuravijay
10331,Sheehan
10332,binpal
10333,nand lal
10334,chander mehto
10335,sohanpal
10336,bake lal
10337,Diliso
10338,Haridutt
10339,pankuj bansal
10340,vishal mishra
10341,arif niyaz
10342,suraj tiwari
10343,afsar
10344,ranpal singh
10345,amir
10346,shriram asre gupta
10347,raviraj  mahaveer singh
10348,karishan lal
10349,Eknath
10350,mohd sarfraj
10351,sarafat
10352,Varish
10353,naresh adhikari
10354,rajat maheshwari
10355,rajeet kumar singh
10356,Sudarshan
10357,suresh dass
10358,manish kumar sharma
10359,abdul rasid
10360,Chandrakiran
10361,sujen manjhi
10362,komal
10363,kunal kishore
10364,mohd waseem
10365,Yadunand
10366,mukesh verma
10367,mansoor ali
10368,umakant
10369,Vrajesh
10370,mohd salman
10371,Adheesh
10372,taslim
10373,sanjaysanju
10374,vikas aggarwal
10375,vinay kuma r
10376,Maitreya
10377,bhupenderrohit
10378,Jayesh
10379,Satish
10380,vaibahv
10381,sachin sharma
10382,kapil kumar kashyap
10383,Maheshwar
10384,javal singh
10385,vipin shahu
10386,sakcham
10387,varun
10388,ankit mishra
10389,abdul hamid
10390,parmeshwar das
10391,mansur ali
10392,Bhadrakapil
10393,motilal
10394,asruddin
10395,munender singh
10396,prem
10397,sunil agarwal
10398,surendera saini
10399,kedarnath
10400,Satyarat
10401,Hanshal
10402,shambu dayal
10403,kishan dutt
10404,kala
10405,jankidas
10406,Tungeshwar
10407,Vaman
10408,upender narayan jha
10409,Prajapati
10410,bagaram
10411,nadeem kha
10412,abhisekh
10413,Manendra
10414,chetan yogi
10415,gurudut sharma
10416,Vairat
10417,Vahin
10418,Shailesh
10419,ramanand jha
10420,lal jee
10421,rishaw
10422,nanagram
10423,kundan singh
10424,lukkadkishore
10425,naulakh
10426,shiv vesh
10427,satya prakash bansal
10428,vi jay kumar  malhotra
10429,mithilesh kumar sharma
10430,nitin kumar
10431,Rupin
10432,nila madhava hagglund
10433,jasveer
10434,birbal
10435,shadab
10436,yespal singh chauhan (pappu rana)
10437,bablu khan
10438,ishwar
10439,kuldeep gaur
10440,dev chopra
10441,Parmeet
10442,narbahadur
10443,chiddu ram
10444,Yamahil
10445,shalid
10446,Tanay
10447,chandan
10448,Shivendra
10449,nrendr
10450,chote
10451,dharmender kashyap
10452,Ishana
10453,navin kumpawat
10454,Arihan
10455,murari lal maharaj
10456,Punit
10457,nishapooja
10458,krisana braman
10459,Ojas
10460,ed mohmad
10461,naveen chandra pandey
10462,vipul gupta
10463,abhishek kapor
10464,iklakh
10465,sodan singh
10466,jag dish kumar gupta
10467,karmbir
10468,muzamiil
10469,ram ratan
10470,rajinder bhasin alias babbu
10471,chanda
10472,Neerav
10473,teerath singh
10474,Avanish
10475,Kanai
10476,rajveer sing
10477,Suchir
10478,Harish
10479,deepak upadhayaya
10480,Dhiwyannshu
10481,mohd haseef
10482,sahib saran
10483,Praneeth
10484,jairam and choti mali
10485,Sudeepta
10486,Tana
10487,shah aftab
10488,mahipal singh yadav
10489,amandeep
10490,Subhang
10491,Virat
10492,ashik pathak
10493,mohd abusala
10494,Shankhapani
10495,Pramod
10496,Sinhag
10497,prabhash yadav
10498,veepinchand midas
10499,Praman
10500,mohan adiwasi
10501,rambarose
10502,Sahoj
10503,Sagni
10504,biram lal chamar
10505,gautam
10506,pyar mohmad
10507,satbir singh
10508,pappu mandal
10509,tharu singh
10510,kamla pardad
10511,parminder singhajuba
10512,Kinnar
10513,shiv charan
10514,Balamohan
10515,gajender singhgoldy
10516,neeven kakkar
10517,Sukumaran
10518,sanjay yadav
10519,sufiyan
10520,munshi lal
10521,Sampavan
10522,Janakinath
10523,Manohar
10524,vijay gouravmonu
10525,shaymu meena
10526,anil suman
10527,roshan lal
10528,Srinish
10529,ganga sagar
10530,Sanwariya
10531,manishmukesh
10532,lala
10533,bharat dendor
10534,Sanhata
10535,subhash mulla
10536,ayub ali
10537,ram lagan singh
10538,Jogindra
10539,ramsagar maheto
10540,jay dev jha
10541,santlalgolu
10542,anjeev kumar jain
10543,lalital mohan
10544,Shrivarah
10545,pawan dhyani
10546,Pramsu
10547,upender yadav
10548,tek chand
10549,sundar
10550,lal singh
10551,randhir
10552,sonu berwa
10553,prince verma
10554,lakshmi shah
10555,haseen
10556,atish raj
10557,shyam lukka
10558,sanjay  ramkalyan bairwa  kesoli ps kawai
10559,ajay haldar
10560,dinesh mishra
10561,karim
10562,ghantoli
10563,niyaaz khan
10564,sowar singh
10565,Ujesh
10566,Jishnu
10567,Yajnadhar
10568,binja ram
10569,vimlesh
10570,mohd whied
10571,rama nand
10572,nitin mohan
10573,Mokshith
10574,mohd ali
10575,rajeev kumar sehti
10576,shadik
10577,Nagesh
10578,vijay kukreja
10579,kanhaiya sharma
10580,Jagatbehari
10581,jeeya lal
10582,shivam saini
10583,tek bahadur
10584,shekhar
10585,Babul
10586,kalip
10587,bhim
10588,atul uppel
10589,dheerajmontu
10590,sunil gujar
10591,moh suhel
10592,prem shaksana
10593,jaijairam
10594,harpreet singh
10595,harsh chawla
10596,vikram panwar
10597,ranjan singh
10598,akram khan
10599,shri ram  khsyali ram umariya
10600,rahul pratap
10601,Pritam
10602,raj a
10603,samsuddin
10604,vijay sharma
10605,mahboob
10606,nijamudeen
10607,Gurmeet
10608,sidhrath kumar
10609,subhash kumar
10610,sagar shekh
10611,kundan raj
10612,shami walia
10613,mh yameen
10614,devendra singh
10615,jabbar singh
10616,kalu luhar
10617,Virinchi
10618,Vallabh
10619,nadim
10620,Praneet
10621,satnosh
10622,Saman
10623,Utkarsh
10624,moharan  devi
10625,Manvik
10626,avinashsandeep
10627,prkesh veerbabuu
10628,Dehabhuj
10629,tara chand  sultan
10630,kunalkannu
10631,dharm pal  nawal singh
10632,latoor
10633,jwala
10634,rajesh saini
10635,Gul
10636,sahnaj
10637,Mukesh
10638,saud
10639,satyanarayan harijan
10640,Trinayan
10641,kudeep
10642,jaisigh
10643,kishan
10644,parvej ahmed
10645,mhosin
10646,dorilal
10647,Atal
10648,Arun
10649,prem singh
10650,jaipal
10651,josin jomon
10652,Vratesh
10653,shah mohd
10654,sanni
10655,kali
10656,Rithish
10657,babu ahmad
10658,chaman prakash
10659,indernath bhagat
10660,rajender
10661,ajaysonu
10662,wazir azam
10663,Bhamhaghosh
10664,pawan rana
10665,vinit kumar
10666,dharambirrahul
10667,mohd javedh
10668,dalip kumar
10669,trilochan kakkar
10670,vikrant singh
10671,anilarvind
10672,sarbash
10673,jagdish juneja
10674,ram darshan
10675,rajendra pal
10676,nand lal bansal
10677,balchand
10678,ranjeet  mohan paswan
10679,vivekvicky
10680,deepaklucky
10681,kamal urf babu
10682,Indranil
10683,Radhey
10684,chander aggarwal
10685,Trinabh
10686,ishwari prashad dube
10687,pradeep guptapintu
10688,perdeep
10689,unknown
10690,Gulshan
10691,Abhiroop
10692,amit kumar giri
10693,amit kumarmona
10694,Jarnu
10695,naresh chauhan
10696,Saurabh
10697,puswa swami ratan
10698,nandita
10699,Chandranshu
10700,Indra
10701,abdul rahman
10702,amlesh saha
10703,Trishul
10704,mohd ujjam
10705,chander swaroop
10706,kurban ali
10707,Saral
10708,fakerey alam
10709,amit paande
10710,fiyaz ansari
10711,arajun singh
10712,anuj gupta
10713,Sridhar
10714,jitendra yadav
10715,Tanul
10716,durga prasad
10717,shyam lal gupta
10718,vishal panchal
10719,benu malakar
10720,sahrikikbal
10721,sabir ali
10722,Shravan
10723,hanuman sing
10724,Nripendra
10725,jakir hussain
10726,shoab
10727,Dhaval
10728,sameer khen
10729,dya shakar
10730,suraj singh
10731,lokesh varma
10732,"Nilesh, Neelesh"
10733,shafibul
10734,shriram  lakhan dass
10735,bheem mukhiya
10736,devi ram
10737,Indrajit
10738,sadip
10739,irfan
10740,sunny goyal
10741,bhoop singh
10742,bhanwar lal
10743,haridutt
10744,devdhari
10745,Patr
10746,bhudhi lal
10747,dowlat bhagat
10748,kamal yadav
10749,Kuldev
10750,bhrat singh
10751,surender mandal
10752,Arin
10753,mohd nimat
10754,Mihir
10755,dya shankar
10756,Shyam
10757,mustkim
10758,aanad prkash goyal
10759,aman junuja
10760,munesh bhati
10761,newal kishor
10762,mandan lal
10763,Akshay
10764,rajni
10765,Shardul
10766,rajeev singh
10767,mukesh bluni
10768,rajvi kumar
10769,shashi pal
10770,Eshwar
10771,bhole ram
10772,sabir
10773,satish kumar bhatnagar
10774,Tapeshwar
10775,tarun monu
10776,arun singh
10777,Daksh
10778,naisi ram
10779,sumer chandsona
10780,kailash singh
10781,sajju
10782,Moti
10783,sandee[
10784,baby singhkunni
10785,bijander
10786,kirshna
10787,vashu
10788,dharmender singh
10789,naveen rastogy
10790,sonu kumar
10791,ruchit
10792,Abhiram
10793,mantu kumar
10794,gorav tyagi
10795,vikash kumar
10796,Madhusudhana
10797,Kedar
10798,kushal sharma
10799,tashnim
10800,bittu
10801,pawan kumarsonu
10802,Samudra
10803,jai parkash
10804,Satyayu
10805,Yashodhar
10806,Amitaabh
10807,Ansu
10808,puspender
10809,aditya arya
10810,Anuraj
10811,gagan bihari sharma
10812,davender
10813,Renesh
10814,samim
10815,Pranit
10816,wasimchira
10817,mrityunjay
10818,rajna
10819,Mayank
10820,Deendayal
10821,hari shankar
10822,happyjagjeet
10823,ratan  lal
10824,sahjad
10825,Kapil
10826,mangat singh
10827,mohdjaved
10828,sachin tomar
10829,Sudeep
10830,Trilokchand
10831,mohd ajim
10832,yogeshjatin
10833,ghanshyam balmiki
10834,arvind kumar yadav
10835,"Karna, Karan"
10836,Vaikhan
10837,vinay kumar jain
10838,raju gupta
10839,anuj kaushik
10840,dayal singh b
10841,Senajit
10842,zuveb
10843,mohd shakeeb
10844,jitesh
10845,jaga singh
10846,amar singh
10847,sant mishra
10848,abid
10849,gurnam singh
10850,ravi kapoor
10851,happy
10852,Gouresh
10853,Shalmali
10854,jaskaran singh
10855,maatwar singh
10856,jatin pal
10857,ajay narayan
10858,inderjeetmunna
10859,dhramender singh
10860,ramsingh rahond
10861,sitaram bairwa
10862,Shivana
10863,tejender singh
10864,Vishakh
10865,ashok
10866,bhauk tyagi
10867,ashif
10868,inderjeet
10869,Praveen
10870,madanlal
10871,rahish
10872,parvej
10873,sunil gurjer
10874,Paramjeet
10875,anandi lal
10876,chander shekher
10877,jitender sehrawat
10878,saroj kumar
10879,Sahastrajit
10880,Samrat
10881,sunil dutt
10882,subhas
10883,kanhaiya lal
10884,saurabh pande
10885,ravi dutt
10886,aalam
10887,sanjeev sharma
10888,Natraj
10889,Ashwathama
10890,Dhirendra
10891,abdul rehman
10892,Sadabindu
10893,Gulal
10894,raju kumar mandal
10895,umesh patidar
10896,kirtiman
10897,sahilbhola
10898,ankushshera
10899,yashin
10900,sashi partap
10901,mooldan singh
10902,arif
10903,Jatan
10904,ajay bairagi
10905,suresh mehta
10906,sujeet vishwas
10907,Kuldeep
10908,Oojam
10909,viraj rana
10910,Guru
10911,shahir
10912,Sashang
10913,jai prakash kashyap
10914,mohd anwar
10915,munni
10916,akhleshbabloo
10917,bijender billu
10918,anil chodhari
10919,uttam kumarsanki
10920,Prineet
10921,Matheysh
10922,hakimuddin
10923,raju singh
10924,hitlar
10925,kuldeep gupta
10926,sahab ram
10927,Soham
10928,rajender singh rawat
10929,akash tomer
10930,Shrigopal
10931,kamil
10932,Nanda
10933,ram sumet
10934,karan pandeykumar pandey
10935,joginder singh
10936,wiresh
10937,Shrot
10938,mahendar   ramesh  cast keer
10939,brijesh kumarajay kumar
10940,devi deen
10941,prakash prajapt
10942,Tirthayaad
10943,ramjan
10944,rahul parikh
10945,samer bahadur
10946,pramod
10947,Samrath
10948,neeraj chauhan
10949,shiv prakash
10950,sanjay handda
10951,Shatishay
10952,abhishek sharma
10953,anil  kumar
10954,mahadevdalip
10955,banty babu
10956,balbir singh
10957,jawahar lal
10958,pyare lal
10959,hare krishana mishra
10960,abdul jabhar
10961,moh an kumar
10962,laldhari ram
10963,mohd aklim
10964,jameer turi
10965,Rikin
10966,Sahil
10967,azhar  ali
10968,bhemji patidar
10969,aakash dabral
10970,prem kishore
10971,lakhan
10972,bhupender 
10973,amit tandan
10974,kalpesh
10975,Lakshit
10976,Pravan
10977,sheikhsai ful
10978,dabbu
10979,ashif ali
10980,parth madan
10981,yasar ali
10982,azruddin
10983,sunder yadav
10984,axat
10985,sahil kumar
10986,firoz ahemad
10987,manish taygi
10988,anil jain
10989,bindu
10990,vinod kumarvinnu
10991,kanhaiyalal
10992,gourav verma
10993,kishor  singh
10994,sanjay chauhan
10995,Prasiddhi
10996,pardeep hemraj
10997,ghanshayam
10998,jiwan dhir
10999,aashuanil kumar
11000,abhiraj yadav
11001,sanjeevan
11002,janeshwar
11003,Shashikar
11004,ashan
11005,Avneesh
11006,mohan ram
11007,amrish seni
11008,sudhdev
11009,Danish
11010,sonukalu
11011,harimohan sharma
11012,Lohitashwa
11013,Lakshminath
11014,jaffar
11015,sadab
11016,bhanu pratap singh
11017,pitar topo
11018,sukhdev prasad
11019,Chandrabhushan
11020,hem raj
11021,tassadul omar
11022,harender singh
11023,partyush gupta
11024,taj
11025,Shlok
11026,chottu
11027,Omswaroop
11028,raghu sahu
11029,rihal ali
11030,brahmanand sharma
11031,parminder
11032,Pratush
11033,sachinvikky
11034,pkamesh
11035,Balram
11036,ishant sharma
11037,anil kumar sain
11038,anurag mohan saklani
11039,jamir ahmad
11040,aashis kumar
11041,akash
11042,sharanjeet kour
11043,mohanram
11044,sushant
11045,kamraan
11046,ravimanish
11047,nenhe sidhque
11048,akshay hunny
11049,manohar lal
11050,Udant
11051,ramesh tiwari
11052,Salil
11053,uday partap
11054,Janav
11055,subhan
11056,Kanthamani
11057,raju yadav
11058,dushyant kumar
11059,mohammad rasid
11060,mohd samsher
11061,Hitendra
11062,nikhil dhariwal
11063,janardam
11064,ram lal dangi
11065,mukesh ram
11066,Aditya
11067,bablu ram
11068,jishan
11069,shivam shkula
11070,Velan
11071,shamim akhtar
11072,hawa singh
11073,hamid ahmed
11074,tamu
11075,raju ghosh
11076,Prakash
11077,bharat goel
11078,cheddi lal
11079,Khushwant
11080,natha bhai bachhani
11081,Kirtan
11082,rajat dahiya
11083,shaukat khan
11084,dimpy
11085,rahul kaushik
11086,swati sharma
11087,gulshan kumarsonu
11088,panaj
11089,Bhargav
11090,tufel
11091,kantil lal
11092,dhram sigh
11093,Pradhyot
11094,sarthak dadwal
11095,mohan lal
11096,dheeraj nagouri
11097,dhamender
11098,alim
11099,Kshitij
11100,shani alam shakir
11101,mustafa mandal
11102,edris yusuf zai
11103,Udyat
11104,abhinav mittal
11105,rakesh kumar soni
11106,Balavan
11107,Mikesh
11108,subhash lal
11109,suresh chandra
11110,ram nichatar
11111,karmveer singh negi
11112,faizudeen
11113,swarn
11114,mohd kausar
11115,Panduranga
11116,lok nath
11117,Kerak
11118,ashutosh sharma
11119,baksi
11120,vijay pratap
11121,chhitar mal
11122,mohd nawab
11123,shiv paswan
11124,surender singh rathore
11125,shahnawaj
11126,prashant jain
11127,kuldeep kour
11128,yogendr
11129,sudershan gopal
11130,Pundarik
11131,asish agarwal
11132,rumeet kumar
11133,vaid prakash
11134,kamalkishore
11135,birender sharma
11136,rijwan aalam
11137,Akul
11138,mohit singh
11139,dimpal
11140,sanjit misra
11141,jagdish chand
11142,kirti thakur
11143,pachuram  verma
11144,aadesh
11145,manoj jain
11146,rupinder singh
11147,sujeet kumar jha
11148,omjone ibanuil
11149,afsar alam
11150,Saubal
11151,shish pal
11152,Dayasagar
11153,sanjeevsonu
11154,Vir
11155,ram shabad
11156,soyam
11157,barkat
11158,furkan
11159,tavinder kumar
11160,shami khurana
11161,nashimuddin
11162,Vitthal
11163,chand mohhamad
11164,Devilal
11165,sh amrik singh
11166,maneesh kansal
11167,bharat nirvan
11168,lalu ram
11169,mohd jahid
11170,shri gani mohammad
11171,rakesh kumar agrwal
11172,manisha devi
11173,Uttarak
11174,chhagan lal
11175,rahul verma
11176,vakesh sulemani
11177,namanbobbi
11178,varsha
11179,gopal singh hada
11180,fazaley
11181,Tavish
11182,altmash
11183,jaquir
11184,prsant
11185,jasvant
11186,Visvakarman
11187,khadak singh
11188,baliram khanak
11189,shelender yadav
11190,jamil ahmed
11191,Gogula
11192,vinod tiwari
11193,mohit
11194,moh imran
11195,sardar amarjeet sahni
11196,raja rawat
11197,Sarasi
11198,rohtash saini
11199,Shalina
11200,prasant tiwari
11201,anurag prasad
11202,Purujit
11203,nikhleshwar bhagat
11204,Satyak
11205,vasa ram
11206,chandesh
11207,injmam akhtar
11208,Samedh
11209,suresh sanwal
11210,imtyaj
11211,shiv kumar sharma
11212,paramjeet  ishaklal
11213,som nath
11214,anurag verma
11215,gurjeet singhbabbu
11216,braj mohan
11217,Mithilesh
11218,shyam kishn
11219,tisar parasar
11220,priju
11221,sunil kumar singh
11222,angad bhatia
11223,govinda
11224,radhey shyam verma
11225,hitesh kumar
11226,mumtaj ahmad
11227,kapil dev
11228,mohit bedi
11229,Unshul
11230,warmati
11231,jaiveer  mansa ram
